Data_Point,Test_Time(s),Date_Time,Step_Time(s),Step_Index,Cycle_Index,Current(A),Voltage(V),Charge_Capacity(Ah),Discharge_Capacity(Ah),Charge_Energy(Wh),Discharge_Energy(Wh),dV/dt(V/s),Internal_Resistance(Ohm),Is_FC_Data,AC_Impedance(Ohm),ACI_Phase_Angle(Deg)
3952,137888.68070771956,2010-11-03 04:41:51,30.01540638208451,1,13,0.0,3.3657796382904053,11.760799274429708,11.820460923674696,46.99005146932459,43.10111450147172,0.0006475448608398,0.0939245000481605,0,0,0
3953,137918.6958942729,2010-11-03 04:42:21,60.03059292541768,1,13,0.0,3.38876748085022,11.760799274429708,11.820460923674696,46.99005146932459,43.10111450147172,0.0005504131549969,0.0939245000481605,0,0,0
3954,137948.71126279552,2010-11-03 04:42:51,90.04596144799903,1,13,0.0,3.4057655334472656,11.760799274429708,11.820460923674696,46.99005146932459,43.10111450147172,0.0003885269106831,0.0939245000481605,0,0,0
3955,137978.67958150452,2010-11-03 04:43:21,120.01428015700732,1,13,0.0,3.4196877479553223,11.760799274429708,11.820460923674696,46.99005146932459,43.10111450147172,0.0003237724304199,0.0939245000481605,0,0,0
3956,138008.70208569567,2010-11-03 04:43:52,30.015394492406045,2,13,0.5501165986061096,3.582059144973755,11.765385982380977,11.820460923674696,47.00630957313437,43.10111450147172,0.0017159938579425,0.0939245000481605,0,0,0
3957,138038.71724956742,2010-11-03 04:44:22,60.03055836414743,2,13,0.5501165986061096,3.6327292919158936,11.769972692550782,11.820460923674696,47.02286271778291,43.10111450147172,0.0011332035064697,0.0939245000481605,0,0,0
3958,138068.73511413552,2010-11-03 04:44:52,90.04842301745511,2,13,0.550297200679779,3.670286893844605,11.774559829212905,11.820460923674696,47.039616694847005,43.10111450147172,0.0009065627818927,0.0939245000481605,0,0,0
3959,138098.74787379595,2010-11-03 04:45:22,120.06118267791526,2,13,0.5499359965324402,3.699264287948608,11.779146129816343,11.820460923674696,47.0565183668298,43.10111450147172,0.0007122993702068,0.0939245000481605,0,0,0
3960,138128.7631025647,2010-11-03 04:45:52,150.0764113614368,2,13,0.5501165986061096,3.7230615615844727,11.783732708353796,11.820460923674696,47.073542064242176,43.10111450147172,0.0005504131549969,0.0939245000481605,0,0,0
3961,138158.77839752365,2010-11-03 04:46:22,180.09170633041708,2,13,0.5501165986061096,3.743135452270508,11.788319365172518,11.820460923674696,47.0906662419164,43.10111450147172,0.0004856586456298,0.0939245000481605,0,0,0
3962,138188.79366024715,2010-11-03 04:46:52,210.10696904388263,2,13,0.5501165986061096,3.759485721588135,11.792905998477009,11.820460923674696,47.10787339335204,43.10111450147172,0.0004209041653666,0.0939245000481605,0,0,0
3963,138218.80919526532,2010-11-03 04:47:22,240.12250406206263,2,13,0.5501165986061096,3.770493984222412,11.797492691396226,11.820460923674696,47.12514417010467,43.10111450147172,0.0002266406954731,0.0939245000481605,0,0,0
3964,138248.82422358872,2010-11-03 04:47:52,270.13753238545445,2,13,0.5501165986061096,3.7772932052612314,11.802079305926654,11.820460923674696,47.14245497679565,43.10111450147172,0.0001295089750783,0.0939245000481605,0,0,0
3965,138278.8396255648,2010-11-03 04:48:22,300.15293436154093,2,13,0.5499359965324402,3.7816641330718994,11.806666064703377,11.820460923674696,47.15979109541267,43.10111450147172,0.0001295089750783,0.0939245000481605,0,0,0
3966,138308.8547869403,2010-11-03 04:48:52,330.1680957470764,2,13,0.550297200679779,3.7855494022369385,11.811252713750545,11.820460923674696,47.17714526383892,43.10111450147172,0.0001295089750783,0.0939245000481605,0,0,0
3967,138338.87007799454,2010-11-03 04:49:22,360.1833867912597,2,13,0.550297200679779,3.7891108989715576,11.815839385324033,11.820460923674696,47.19451625948424,43.10111450147172,9.713172767078504e-05,0.0939245000481605,0,0,0
3968,138368.88536160515,2010-11-03 04:49:52,390.1986704069003,2,13,0.5501165986061096,3.792510509490967,11.820426110710414,11.820460923674696,47.21190362445462,43.10111450147172,9.713172767078504e-05,0.0939245000481605,0,0,0
3969,138398.90076498975,2010-11-03 04:50:22,420.2140737965151,2,13,0.5501165986061096,3.795910120010376,11.825012857169767,11.820460923674696,47.22930688052775,43.10111450147172,6.47544875391759e-05,0.0939245000481605,0,0,0
3970,138428.91588981904,2010-11-03 04:50:52,450.22919862580056,2,13,0.5499359965324402,3.799309730529785,11.829599674303193,11.820460923674696,47.246725827578,43.10111450147172,9.713172767078504e-05,0.0939245000481605,0,0,0
3971,138458.93122647709,2010-11-03 04:51:22,480.2445352738181,2,13,0.5501165986061096,3.802547454833984,11.834186456806908,11.820460923674696,47.2641596315849,43.10111450147172,9.713172767078504e-05,0.0939245000481605,0,0,0
3972,138488.94649294994,2010-11-03 04:51:52,510.2598017466677,2,13,0.550297200679779,3.805785179138184,11.838773172554626,11.820460923674696,47.28160782007664,43.10111450147172,9.713172767078504e-05,0.0939245000481605,0,0,0
3973,138518.96179102664,2010-11-03 04:52:22,540.2750998484679,2,13,0.5501165986061096,3.808861017227173,11.843359942833684,11.820460923674696,47.29907057163837,43.10111450147172,9.713172767078504e-05,0.0939245000481605,0,0,0
3974,138548.97705317874,2010-11-03 04:52:52,570.290361980482,2,13,0.5501165986061096,3.811774969100952,11.8479467742269,11.820460923674696,47.31654767703028,43.10111450147172,0.0001295089750783,0.0939245000481605,0,0,0
3975,138578.99236752608,2010-11-03 04:53:22,600.3056763278337,2,13,0.550297200679779,3.815012693405152,11.852533491927458,11.820460923674696,47.33403840124383,43.10111450147172,0.0001295089750783,0.0939245000481605,0,0,0
3976,138609.00774392835,2010-11-03 04:53:52,630.3210527350964,2,13,0.5501165986061096,3.8177647590637207,11.857120255138948,11.820460923674696,47.35154323624656,43.10111450147172,3.237724376958795e-05,0.0939245000481605,0,0,0
3977,138639.0229026422,2010-11-03 04:54:22,660.3362114389379,2,13,0.550297200679779,3.82084059715271,11.861706951491374,11.820460923674696,47.36906143120243,43.10111450147172,6.47544875391759e-05,0.0939245000481605,0,0,0
3978,138669.03817900977,2010-11-03 04:54:52,690.3514878114987,2,13,0.5501165986061096,3.823754549026489,11.866293644653847,11.820460923674696,47.38659325868041,43.10111450147172,6.47544875391759e-05,0.0939245000481605,0,0,0
3979,138699.05346473065,2010-11-03 04:55:22,720.3667735323943,2,13,0.5501165986061096,3.8268303871154794,11.870880351554652,11.820460923674696,47.404138960647344,43.10111450147172,6.47544875391759e-05,0.0939245000481605,0,0,0
3980,138729.06873608066,2010-11-03 04:55:52,750.3820448774054,2,13,0.5501165986061096,3.8300681114196777,11.875467087138889,11.820460923674696,47.421698901544495,43.10111450147172,0.0001618862152099,0.0939245000481605,0,0,0
3981,138759.0840170547,2010-11-03 04:56:22,780.3973258564648,2,13,0.550297200679779,3.833143949508667,11.880053866243648,11.820460923674696,47.43927342014241,43.10111450147172,9.713172767078504e-05,0.0939245000481605,0,0,0
3982,138789.09932539208,2010-11-03 04:56:52,810.412634188802,2,13,0.5501165986061096,3.836381435394287,11.884640524103952,11.820460923674696,47.45686221095513,43.10111450147172,9.713172767078504e-05,0.0939245000481605,0,0,0
3983,138819.11460965936,2010-11-03 04:57:22,840.4279184560692,2,13,0.5501165986061096,3.839781045913696,11.889227227636782,11.820460923674696,47.47446629340658,43.10111450147172,6.47544875391759e-05,0.0939245000481605,0,0,0
3984,138849.13002159027,2010-11-03 04:57:52,870.4433303870045,2,13,0.5501165986061096,3.843018770217896,11.893814002386147,11.820460923674696,47.492085918227865,43.10111450147172,6.47544875391759e-05,0.0939245000481605,0,0,0
3985,138879.14527128625,2010-11-03 04:58:22,900.4585800879888,2,13,0.5501165986061096,3.8464183807373047,11.898400679817964,11.820460923674696,47.509720344261424,43.10111450147172,9.713172767078504e-05,0.0939245000481605,0,0,0
3986,138909.16043250635,2010-11-03 04:58:52,930.4737413081114,2,13,0.5501165986061096,3.849656105041504,11.902987440959963,11.820460923674696,47.527370312894895,43.10111450147172,6.47544875391759e-05,0.0939245000481605,0,0,0
3987,138939.17571224232,2010-11-03 04:59:22,960.4890210490802,2,13,0.5501165986061096,3.852893829345703,11.907574174136997,11.820460923674696,47.545035156803216,43.10111450147172,6.47544875391759e-05,0.0939245000481605,0,0,0
3988,138969.19110983747,2010-11-03 04:59:52,990.504418644231,2,13,0.5499359965324402,3.855969667434693,11.912160878099842,11.820460923674696,47.56271456181371,43.10111450147172,6.47544875391759e-05,0.0939245000481605,0,0,0
3989,138999.20627824555,2010-11-03 05:00:22,1020.519587052296,2,13,0.5499359965324402,3.859207391738892,11.916747576219226,11.820460923674696,47.58040849185344,43.10111450147172,6.47544875391759e-05,0.0939245000481605,0,0,0
3990,139029.22166833695,2010-11-03 05:00:52,1050.5349771336912,2,13,0.5501165986061096,3.862283229827881,11.92133431165505,11.820460923674696,47.598116765525205,43.10111450147172,9.713172767078504e-05,0.0939245000481605,0,0,0
3991,139059.23706435316,2010-11-03 05:01:22,1080.550373159926,2,13,0.5501165986061096,3.86519718170166,11.925921069305788,11.820460923674696,47.615839027694015,43.10111450147172,3.237724376958795e-05,0.0939245000481605,0,0,0
3992,139089.2522316284,2010-11-03 05:01:52,1110.565540435163,2,13,0.5501165986061096,3.8682730197906494,11.930507743938438,11.820460923674696,47.63357449038909,43.10111450147172,6.47544875391759e-05,0.0939245000481605,0,0,0
3993,139119.2673735253,2010-11-03 05:02:22,1140.5806823220269,2,13,0.5501165986061096,3.8710250854492183,11.9350944040192,11.820460923674696,47.65132304016262,43.10111450147172,6.47544875391759e-05,0.0939245000481605,0,0,0
3994,139149.28265808328,2010-11-03 05:02:52,1170.5959668900448,2,13,0.5501165986061096,3.873777151107788,11.93968115252846,11.820460923674696,47.6690846149849,43.10111450147172,0.0001295089750783,0.0939245000481605,0,0,0
3995,139179.29814575327,2010-11-03 05:03:22,1200.6114545750738,2,13,0.5499359965324402,3.876367330551148,11.944267839433616,11.820460923674696,47.686858027265366,43.10111450147172,9.713172767078504e-05,0.0939245000481605,0,0,0
3996,139209.31323903883,2010-11-03 05:03:52,1230.626547845584,2,13,0.5501165986061096,3.878795623779297,11.9488544818635,11.820460923674696,47.70464288908792,43.10111450147172,9.713172767078504e-05,0.0939245000481605,0,0,0
3997,139239.32850025856,2010-11-03 05:04:22,1260.641809060308,2,13,0.5501165986061096,3.881062030792236,11.953441222598078,11.820460923674696,47.72243910891182,43.10111450147172,3.237724376958795e-05,0.0939245000481605,0,0,0
3998,139269.34378845565,2010-11-03 05:04:52,1290.6570972523723,2,13,0.5499359965324402,3.883166551589966,11.958027947377593,11.820460923674696,47.74024562487907,43.10111450147172,0.0,0.0939245000481605,0,0,0
3999,139299.3590733595,2010-11-03 05:05:22,1320.6723821562284,2,13,0.5501165986061096,3.8852710723876953,11.962614731981244,11.820460923674696,47.7580620539131,43.10111450147172,9.713172767078504e-05,0.0939245000481605,0,0,0
4000,139329.37434911553,2010-11-03 05:05:52,1350.687657922275,2,13,0.5501165986061096,3.887051820755005,11.967201452057376,11.820460923674696,47.77588722789737,43.10111450147172,3.237724376958795e-05,0.0939245000481605,0,0,0
4001,139359.38961194927,2010-11-03 05:06:22,1380.7029207510284,2,13,0.5501165986061096,3.888994455337525,11.97178824253989,11.820460923674696,47.793721118238274,43.10111450147172,3.237724376958795e-05,0.0939245000481605,0,0,0
4002,139389.4050298752,2010-11-03 05:06:52,1410.7183386719155,2,13,0.5501165986061096,3.890613317489624,11.97637503431766,11.820460923674696,47.81156283998549,43.10111450147172,3.237724376958795e-05,0.0939245000481605,0,0,0
4003,139419.42020002258,2010-11-03 05:07:22,1440.7335088193222,2,13,0.5499359965324402,3.8920702934265137,11.980961731543688,11.820460923674696,47.82941150677661,43.10111450147172,3.237724376958795e-05,0.0939245000481605,0,0,0
4004,139449.43558593356,2010-11-03 05:07:52,1470.7488947303077,2,13,0.5499359965324402,3.8935272693634033,11.98554853332906,11.820460923674696,47.84726743231717,43.10111450147172,3.237724376958795e-05,0.0939245000481605,0,0,0
4005,139479.45074945944,2010-11-03 05:08:22,1500.764058266211,2,13,0.5501165986061096,3.894822359085083,11.990135345248802,11.820460923674696,47.86512987808455,43.10111450147172,0.0,0.0939245000481605,0,0,0
4006,139509.4662214904,2010-11-03 05:08:52,1530.7795302921525,2,13,0.5501165986061096,3.8962793350219727,11.994722137560492,11.820460923674696,47.88299789777461,43.10111450147172,6.47544875391759e-05,0.0939245000481605,0,0,0
4007,139539.48130599904,2010-11-03 05:09:22,1560.794614795779,2,13,0.550297200679779,3.897574424743652,11.999308851354892,11.820460923674696,47.90087184355437,43.10111450147172,3.237724376958795e-05,0.0939245000481605,0,0,0
4008,139569.49685576904,2010-11-03 05:09:52,1590.8101645657816,2,13,0.5499359965324402,3.898707628250122,12.00389559307072,11.820460923674696,47.91875172035517,43.10111450147172,3.237724376958795e-05,0.0939245000481605,0,0,0
4009,139599.51187440325,2010-11-03 05:10:22,1620.825183205,2,13,0.5499359965324402,3.9000027179718018,12.008482340814275,11.820460923674696,47.93663748024051,43.10111450147172,3.237724376958795e-05,0.0939245000481605,0,0,0
4010,139629.52724498598,2010-11-03 05:10:52,1650.8405537827116,2,13,0.550297200679779,3.9012978076934814,12.013069095832442,11.820460923674696,47.954528883171605,43.10111450147172,3.237724376958795e-05,0.0939245000481605,0,0,0
4011,139659.54255634587,2010-11-03 05:11:22,1680.8558651676683,2,13,0.550297200679779,3.902592897415161,12.017655762398274,11.820460923674696,47.97242566392509,43.10111450147172,3.237724376958795e-05,0.0939245000481605,0,0,0
4012,139689.55770145578,2010-11-03 05:11:52,1710.8710102725652,2,13,0.550297200679779,3.903887987136841,12.022242451614838,11.820460923674696,47.990328194097664,43.10111450147172,3.237724376958795e-05,0.0939245000481605,0,0,0
4013,139719.57309749204,2010-11-03 05:12:22,1740.8864062887749,2,13,0.5501165986061096,3.905021190643311,12.026829253719589,11.820460923674696,48.00823695986252,43.10111450147172,3.237724376958795e-05,0.0939245000481605,0,0,0
4014,139749.5883972931,2010-11-03 05:12:52,1770.9017060998417,2,13,0.5501165986061096,3.9063162803649902,12.031415986895093,11.820460923674696,48.0261510095849,43.10111450147172,3.237724376958795e-05,0.0939245000481605,0,0,0
4015,139779.60355323003,2010-11-03 05:13:22,1800.9168620267517,2,13,0.5501165986061096,3.90744948387146,12.03600266904412,11.820460923674696,48.04407071947608,43.10111450147172,3.237724376958795e-05,0.0939245000481605,0,0,0
4016,139809.61901164195,2010-11-03 05:13:52,1830.9323204437228,2,13,0.5501165986061096,3.90874457359314,12.040589463618518,11.820460923674696,48.06199663040968,43.10111450147172,3.237724376958795e-05,0.0939245000481605,0,0,0
4017,139839.6341096142,2010-11-03 05:14:22,1860.9474184109563,2,13,0.550297200679779,3.9100396633148193,12.045176203465214,11.820460923674696,48.079928203196864,43.10111450147172,3.237724376958795e-05,0.0939245000481605,0,0,0
4018,139869.6494190794,2010-11-03 05:14:52,1890.9627278761216,2,13,0.5501165986061096,3.911496639251709,12.049762994046295,11.820460923674696,48.09786576763111,43.10111450147172,6.47544875391759e-05,0.0939245000481605,0,0,0
4019,139899.6646562942,2010-11-03 05:15:23,1920.9779650909384,2,13,0.550297200679779,3.9126298427581783,12.054349710012994,11.820460923674696,48.11580904141974,43.10111450147172,3.237724376958795e-05,0.0939245000481605,0,0,0
4020,139929.67992610036,2010-11-03 05:15:53,1950.9932348971088,2,13,0.5501165986061096,3.9139246940612793,12.0589364136251,11.820460923674696,48.13375822726924,43.10111450147172,3.237724376958795e-05,0.0939245000481605,0,0,0
4021,139959.69519675866,2010-11-03 05:16:23,1981.0085055654308,2,13,0.5501165986061096,3.915219783782959,12.063523155848678,11.820460923674696,48.15171370265265,43.10111450147172,3.237724376958795e-05,0.0939245000481605,0,0,0
4022,139989.71104353003,2010-11-03 05:16:53,2011.024352331782,2,13,0.5499359965324402,3.9166767597198486,12.068110015095332,11.820460923674696,48.16967558797646,43.10111450147172,6.47544875391759e-05,0.0939245000481605,0,0,0
4023,140019.71290521245,2010-11-03 05:17:23,2041.0262140944128,2,13,0.550297200679779,3.9181337356567374,12.072694665751108,11.820460923674696,48.18763503029954,43.10111450147172,6.47544875391759e-05,0.0939245000481605,0,0,0
4024,140049.72542976105,2010-11-03 05:17:53,2071.0387385577847,2,13,0.5501165986061096,3.919105052947998,12.077280969445502,11.820460923674696,48.2056071338835,43.10111450147172,0.0,0.0939245000481605,0,0,0
4025,140079.74082005798,2010-11-03 05:18:23,2101.054128854718,2,13,0.5501165986061096,3.9207239151000977,12.081867685916873,11.820460923674696,48.22358716754036,43.10111450147172,6.47544875391759e-05,0.0939245000481605,0,0,0
4026,140109.75596950873,2010-11-03 05:18:53,2131.0692783054624,2,13,0.550297200679779,3.9221808910369873,12.086454420709714,11.820460923674696,48.2415735359752,43.10111450147172,9.713172767078504e-05,0.0939245000481605,0,0,0
4027,140139.77124661312,2010-11-03 05:19:23,2161.08455540985,2,13,0.5501165986061096,3.923475980758667,12.091041127105695,11.820460923674696,48.25956622665071,43.10111450147172,3.237724376958795e-05,0.0939245000481605,0,0,0
4028,140169.78654017358,2010-11-03 05:19:53,2191.0998489703143,2,13,0.5501165986061096,3.9249329566955566,12.095627867663309,11.820460923674696,48.27756548739498,43.10111450147172,3.237724376958795e-05,0.0939245000481605,0,0,0
4029,140199.8018283506,2010-11-03 05:20:23,2221.1151371573656,2,13,0.5501165986061096,3.926228046417236,12.100214611484702,11.820460923674696,48.29557123704564,43.10111450147172,3.237724376958795e-05,0.0939245000481605,0,0,0
4030,140229.81707843754,2010-11-03 05:20:53,2251.1303872342887,2,13,0.5501165986061096,3.927685022354126,12.104801336260168,11.820460923674696,48.31358342317843,43.10111450147172,3.237724376958795e-05,0.0939245000481605,0,0,0
4031,140259.83236190784,2010-11-03 05:21:23,2281.1456707045663,2,13,0.550297200679779,3.9293038845062256,12.109388011692875,11.820460923674696,48.3316020185918,43.10111450147172,3.237724376958795e-05,0.0939245000481605,0,0,0
4032,140289.84765389937,2010-11-03 05:21:53,2311.1609626961144,2,13,0.5501165986061096,3.9307608604431152,12.113974760414036,11.820460923674696,48.3496276265759,43.10111450147172,6.47544875391759e-05,0.0939245000481605,0,0,0
4033,140319.8629139913,2010-11-03 05:22:23,2341.176222783024,2,13,0.5501165986061096,3.932217836380005,12.118561534535246,11.820460923674696,48.3676600345393,43.10111450147172,6.47544875391759e-05,0.0939245000481605,0,0,0
4034,140349.87820461942,2010-11-03 05:22:53,2371.191513416182,2,13,0.5501165986061096,3.933512926101685,12.123148231408448,11.820460923674696,48.38569891615076,43.10111450147172,3.237724376958795e-05,0.0939245000481605,0,0,0
4035,140379.89348830527,2010-11-03 05:23:23,2401.206797096984,2,13,0.550297200679779,3.935131788253784,12.127734937402588,11.820460923674696,48.40374466991237,43.10111450147172,3.237724376958795e-05,0.0939245000481605,0,0,0
4036,140409.90876993092,2010-11-03 05:23:53,2431.222078737695,2,13,0.5501165986061096,3.936588764190674,12.1323217012186,11.820460923674696,48.42179755894422,43.10111450147172,3.237724376958795e-05,0.0939245000481605,0,0,0
4037,140439.92402236877,2010-11-03 05:24:23,2461.237331160474,2,13,0.5499359965324402,3.938045740127564,12.136908413045186,11.820460923674696,48.43985722219337,43.10111450147172,3.237724376958795e-05,0.0939245000481605,0,0,0
4038,140469.9394586655,2010-11-03 05:24:53,2491.2527674672547,2,13,0.5501165986061096,3.939826488494873,12.141495215871888,11.820460923674696,48.4579243115425,43.10111450147172,6.47544875391759e-05,0.0939245000481605,0,0,0
4039,140499.95457950482,2010-11-03 05:25:23,2521.2678882915434,2,13,0.5501165986061096,3.9412834644317623,12.14608192732726,11.820460923674696,48.47599820137893,43.10111450147172,6.47544875391759e-05,0.0939245000481605,0,0,0
4040,140529.96987781714,2010-11-03 05:25:53,2551.283186613894,2,13,0.550297200679779,3.9429023265838623,12.15066864505274,11.820460923674696,48.49407920152675,43.10111450147172,6.47544875391759e-05,0.0939245000481605,0,0,0
4041,140559.98514397422,2010-11-03 05:26:23,2581.2984527709555,2,13,0.5501165986061096,3.944359302520752,12.155255358733022,11.820460923674696,48.512167424203,43.10111450147172,3.237724376958795e-05,0.0939245000481605,0,0,0
4042,140590.00052968468,2010-11-03 05:26:53,2611.313838596728,2,13,0.550297200679779,3.9461400508880615,12.159842080487508,11.820460923674696,48.5302629826029,43.10111450147172,6.47544875391759e-05,0.0939245000481605,0,0,0
4043,140620.01570850375,2010-11-03 05:27:23,2641.32901729548,2,13,0.5501165986061096,3.947597026824951,12.164428699405835,11.820460923674696,48.54836536507416,43.10111450147172,3.237724376958795e-05,0.0939245000481605,0,0,0
4044,140650.0311521789,2010-11-03 05:27:53,2671.344460995716,2,13,0.5501165986061096,3.949215888977051,12.169015434073502,11.820460923674696,48.56647561225762,43.10111450147172,6.47544875391759e-05,0.0939245000481605,0,0,0
4045,140680.04624788553,2010-11-03 05:28:23,2701.359556672232,2,13,0.5501165986061096,3.950672864913941,12.173602095828493,11.820460923674696,48.584593004982914,43.10111450147172,0.0,0.0939245000481605,0,0,0
4046,140710.06152780194,2010-11-03 05:28:53,2731.3748365886386,2,13,0.5501165986061096,3.95245361328125,12.178188848285547,11.820460923674696,48.60271821874261,43.10111450147172,3.237724376958795e-05,0.0939245000481605,0,0,0
4047,140740.07681038498,2010-11-03 05:29:23,2761.390119171702,2,13,0.5501165986061096,3.9540724754333496,12.182775494166297,11.820460923674696,48.62085057646038,43.10111450147172,0.0,0.0939245000481605,0,0,0
4048,140770.09208759462,2010-11-03 05:29:53,2791.4053963863644,2,13,0.5501165986061096,3.955853223800659,12.187362211481288,11.820460923674696,48.63899082939196,43.10111450147172,6.47544875391759e-05,0.0939245000481605,0,0,0
4049,140800.1074978664,2010-11-03 05:30:23,2821.4208066832207,2,13,0.5501165986061096,3.957310199737549,12.191948985525388,11.820460923674696,48.657138981143305,43.10111450147172,3.237724376958795e-05,0.0939245000481605,0,0,0
4050,140830.12265004398,2010-11-03 05:30:53,2851.435958830697,2,13,0.5499359965324402,3.959252834320069,12.196535649716555,11.820460923674696,48.67529447585802,43.10111450147172,6.47544875391759e-05,0.0939245000481605,0,0,0
4051,140860.1379425669,2010-11-03 05:31:23,2881.451251363596,2,13,0.5499359965324402,3.960871696472168,12.201122277443329,11.820460923674696,48.69345766563272,43.10111450147172,3.237724376958795e-05,0.0939245000481605,0,0,0
4052,140890.1533272548,2010-11-03 05:31:53,2911.466636061554,2,13,0.550297200679779,3.9626524448394775,12.205708996801333,11.820460923674696,48.71162909679245,43.10111450147172,6.47544875391759e-05,0.0939245000481605,0,0,0
4053,140920.16847017923,2010-11-03 05:32:23,2941.4817789759823,2,13,0.5501165986061096,3.964433193206787,12.210295658880876,11.820460923674696,48.72980826791069,43.10111450147172,6.47544875391759e-05,0.0939245000481605,0,0,0
4054,140950.18374952424,2010-11-03 05:32:53,2971.49705831595,2,13,0.5501165986061096,3.966052055358887,12.21488236981014,11.820460923674696,48.7479956505096,43.10111450147172,3.237724376958795e-05,0.0939245000481605,0,0,0
4055,140980.19915851785,2010-11-03 05:33:23,3001.512467314566,2,13,0.5501165986061096,3.967832803726196,12.219469115016008,11.820460923674696,48.76619125599541,43.10111450147172,6.47544875391759e-05,0.0939245000481605,0,0,0
4056,141010.2145394614,2010-11-03 05:33:53,3031.5278482631647,2,13,0.550297200679779,3.969775438308716,12.224055851013976,11.820460923674696,48.78439492737426,43.10111450147172,6.47544875391759e-05,0.0939245000481605,0,0,0
4057,141040.22973534308,2010-11-03 05:34:23,3061.543044139795,2,13,0.550297200679779,3.9715561866760254,12.228642533152437,11.820460923674696,48.80260659408383,43.10111450147172,6.47544875391759e-05,0.0939245000481605,0,0,0
4058,141070.2448829843,2010-11-03 05:34:53,3091.55819177601,2,13,0.550297200679779,3.973336935043335,12.233229310258338,11.820460923674696,48.820827001448016,43.10111450147172,6.47544875391759e-05,0.0939245000481605,0,0,0
4059,141100.2602215521,2010-11-03 05:35:23,3121.573530368882,2,13,0.5501165986061096,3.975117683410645,12.237815992402115,11.820460923674696,48.83905535604979,43.10111450147172,6.47544875391759e-05,0.0939245000481605,0,0,0
4060,141130.27576748253,2010-11-03 05:35:53,3151.589076299301,2,13,0.550297200679779,3.977060317993164,12.242402843793045,11.820460923674696,48.85729283285414,43.10111450147172,6.47544875391759e-05,0.0939245000481605,0,0,0
4061,141160.29070585137,2010-11-03 05:36:23,3181.6040146481023,2,13,0.5501165986061096,3.9788410663604736,12.24698953686989,11.820460923674696,48.87553776624088,43.10111450147172,3.237724376958795e-05,0.0939245000481605,0,0,0
4062,141190.30610186758,2010-11-03 05:36:53,3211.619410664312,2,13,0.5501165986061096,3.980783700942993,12.251576207981737,11.820460923674696,48.89379168812266,43.10111450147172,3.237724376958795e-05,0.0939245000481605,0,0,0
4063,141220.32126686713,2010-11-03 05:37:23,3241.6345756538435,2,13,0.5501165986061096,3.9827263355255127,12.256162890334725,11.820460923674696,48.91205440039925,43.10111450147172,6.47544875391759e-05,0.0939245000481605,0,0,0
4064,141250.33657385613,2010-11-03 05:37:53,3271.6498826729025,2,13,0.5501165986061096,3.9845070838928223,12.260749511603958,11.820460923674696,48.93032555022998,43.10111450147172,6.47544875391759e-05,0.0939245000481605,0,0,0
4065,141280.35181608342,2010-11-03 05:38:23,3301.665124875169,2,13,0.5499359965324402,3.986449718475342,12.265336167997452,11.820460923674696,48.9486057853396,43.10111450147172,3.237724376958795e-05,0.0939245000481605,0,0,0
4066,141310.36711874662,2010-11-03 05:38:53,3331.6804284506325,2,13,0.5499359965324402,3.988392353057861,12.269922870104352,11.820460923674696,48.966895178962375,43.10111450147172,3.237724376958795e-05,0.0939245000481605,0,0,0
4067,141340.3824408734,2010-11-03 05:39:23,3361.695749785426,2,13,0.5499359965324402,3.990334987640381,12.274509534366452,11.820460923674696,48.985193444704834,43.10111450147172,3.237724376958795e-05,0.0939245000481605,0,0,0
4068,141370.39766184767,2010-11-03 05:39:53,3391.710970639404,2,13,0.5501165986061096,3.9924395084381104,12.279096134742275,11.820460923674696,49.00350063711103,43.10111450147172,6.47544875391759e-05,0.0939245000481605,0,0,0
4069,141400.41291440578,2010-11-03 05:40:23,3421.7262232025328,2,13,0.5499359965324402,3.994381904602051,12.283682776539164,11.820460923674696,49.02181726198465,43.10111450147172,6.47544875391759e-05,0.0939245000481605,0,0,0
4070,141430.4283377402,2010-11-03 05:40:53,3451.7416465469573,2,13,0.550297200679779,3.9966483116149902,12.28826948242107,11.820460923674696,49.04014352185632,43.10111450147172,6.47544875391759e-05,0.0939245000481605,0,0,0
4071,141460.44349271472,2010-11-03 05:41:23,3481.7568015114653,2,13,0.5501165986061096,3.9984290599823,12.292856137147192,11.820460923674696,49.058479033269485,43.10111450147172,6.47544875391759e-05,0.0939245000481605,0,0,0
4072,141490.45875780913,2010-11-03 05:41:53,3511.772066605874,2,13,0.550297200679779,4.000857353210449,12.297442806203405,11.820460923674696,49.076824100631896,43.10111450147172,6.47544875391759e-05,0.0939245000481605,0,0,0
4073,141520.4740544523,2010-11-03 05:42:23,3541.787363254045,2,13,0.550297200679779,4.002962112426758,12.302029417205702,11.820460923674696,49.09517867701584,43.10111450147172,9.71794142969884e-05,0.0939245000481605,0,0,0
4074,141550.4892727148,2010-11-03 05:42:53,3571.802581511542,2,13,0.5501165986061096,4.004904747009277,12.30661606836658,11.820460923674696,49.11354317996567,43.10111450147172,3.24249267578125e-05,0.0939245000481605,0,0,0
4075,141580.50456194946,2010-11-03 05:43:23,3601.817870746209,2,13,0.5499359965324402,4.007171154022217,12.311202795766022,11.820460923674696,49.13191789174857,43.10111450147172,9.71794142969884e-05,0.0939245000481605,0,0,0
4076,141610.51996304336,2010-11-03 05:43:53,3631.8332718451056,2,13,0.550297200679779,4.009437561035156,12.315789500635669,11.820460923674696,49.150302477116135,43.10111450147172,9.71794142969884e-05,0.0939245000481605,0,0,0
4077,141640.5350443089,2010-11-03 05:44:23,3661.8483530956114,2,13,0.5501165986061096,4.011541843414307,12.320376157362942,11.820460923674696,49.16869701710026,43.10111450147172,3.23295607813634e-05,0.0939245000481605,0,0,0
4078,141670.5504064706,2010-11-03 05:44:53,3691.863715262328,2,13,0.5501165986061096,4.013808250427246,12.324962858374573,11.820460923674696,49.18710206019314,43.10111450147172,3.23295607813634e-05,0.0939245000481605,0,0,0
4079,141700.5656868331,2010-11-03 05:45:23,3721.878995624848,2,13,0.5501165986061096,4.015913009643555,12.32954956474676,11.820460923674696,49.20551738827913,43.10111450147172,3.24249267578125e-05,0.0939245000481605,0,0,0
4080,141730.58095518567,2010-11-03 05:45:53,3751.8942639723778,2,13,0.550297200679779,4.018341064453125,12.334136216978312,11.820460923674696,49.223942899523,43.10111450147172,6.47544875391759e-05,0.0939245000481605,0,0,0
4081,141760.59635017932,2010-11-03 05:46:23,3781.9096589660353,2,13,0.5501165986061096,4.0206074714660645,12.338722959053976,11.820460923674696,49.24237914579707,43.10111450147172,6.47544875391759e-05,0.0939245000481605,0,0,0
4082,141790.61149204616,2010-11-03 05:46:53,3811.9248008428726,2,13,0.550297200679779,4.023036003112793,12.343309619061204,11.820460923674696,49.26082571729659,43.10111450147172,6.47544875391759e-05,0.0939245000481605,0,0,0
4083,141820.62676646383,2010-11-03 05:47:23,3841.9400752605534,2,13,0.5501165986061096,4.025302410125732,12.347896345965514,11.820460923674696,49.27928328035642,43.10111450147172,3.24249267578125e-05,0.0939245000481605,0,0,0
4084,141850.64205610953,2010-11-03 05:47:54,3871.9553649062464,2,13,0.5501165986061096,4.027730464935303,12.35248345504875,11.820460923674696,49.29775323649987,43.10111450147172,9.70840483205393e-05,0.0939245000481605,0,0,0
4085,141880.65739688283,2010-11-03 05:48:24,3901.9707056795614,2,13,0.550297200679779,4.029996871948242,12.35707082026239,11.820460923674696,49.31623510221824,43.10111450147172,9.70840483205393e-05,0.0939245000481605,0,0,0
4086,141910.67271738552,2010-11-03 05:48:54,3931.9860261822782,2,13,0.550297200679779,4.032587051391602,12.361658112705202,11.820460923674696,49.33472759019195,43.10111450147172,9.70840483205393e-05,0.0939245000481605,0,0,0
4087,141940.69053085108,2010-11-03 05:49:24,3962.0038397330254,2,13,0.5501165986061096,4.034853458404541,12.366245828714188,11.820460923674696,49.35323283825776,43.10111450147172,6.47544875391759e-05,0.0939245000481605,0,0,0
4088,141970.7031839706,2010-11-03 05:49:54,3992.016492757306,2,13,0.5501165986061096,4.037281513214111,12.370832303176316,11.820460923674696,49.3717440835049,43.10111450147172,6.47544875391759e-05,0.0939245000481605,0,0,0
4089,142000.71843374675,2010-11-03 05:50:24,4022.0317425435023,2,13,0.550297200679779,4.039871692657471,12.37541894457554,11.820460923674696,49.39026718802743,43.10111450147172,9.70840483205393e-05,0.0939245000481605,0,0,0
4090,142030.7338332968,2010-11-03 05:50:54,4052.0471420935337,2,13,0.550297200679779,4.04213809967041,12.380005587773828,11.820460923674696,49.40880146686172,43.10111450147172,6.47544875391759e-05,0.0939245000481605,0,0,0
4091,142060.74909842128,2010-11-03 05:51:24,4082.06240742353,2,13,0.5499359965324402,4.044566631317139,12.38459221414348,11.820460923674696,49.42734714058745,43.10111450147172,3.24249267578125e-05,0.0939245000481605,0,0,0
4092,142090.76462846206,2010-11-03 05:51:54,4112.077937273811,2,13,0.5501165986061096,4.047318458557129,12.38917892365227,11.820460923674696,49.44590474940538,43.10111450147172,9.70840483205393e-05,0.0939245000481605,0,0,0
4093,142120.77954213423,2010-11-03 05:52:24,4142.0928509209525,2,13,0.550297200679779,4.049908638000488,12.39376552125196,11.820460923674696,49.46447365375776,43.10111450147172,6.47544875391759e-05,0.0939245000481605,0,0,0
4094,142150.79481209078,2010-11-03 05:52:54,4172.108120877499,2,13,0.550297200679779,4.052337169647217,12.39835217941662,11.820460923674696,49.48305443456525,43.10111450147172,6.47544875391759e-05,0.0939245000481605,0,0,0
4095,142180.8101041074,2010-11-03 05:53:24,4202.123412894109,2,13,0.5499359965324402,4.054765224456787,12.402938757895107,11.820460923674696,49.50164673756166,43.10111450147172,0.0,0.0939245000481605,0,0,0
4096,142210.82537722684,2010-11-03 05:53:54,4232.138686023574,2,13,0.5501165986061096,4.057517528533936,12.407525404088258,11.820460923674696,49.52025130365754,43.10111450147172,6.47544875391759e-05,0.0939245000481605,0,0,0
4097,142240.84064902796,2010-11-03 05:54:24,4262.153957829736,2,13,0.550297200679779,4.060269355773926,12.41211212150586,11.820460923674696,49.5388682699784,43.10111450147172,9.70840483205393e-05,0.0939245000481605,0,0,0
4098,142270.8560589489,2010-11-03 05:54:54,4292.16936776068,2,13,0.5501165986061096,4.062859535217285,12.416698785395171,11.820460923674696,49.557496769735415,43.10111450147172,6.47544875391759e-05,0.0939245000481605,0,0,0
4099,142300.87121144222,2010-11-03 05:55:24,4322.184520228956,2,13,0.5501165986061096,4.065611839294434,12.421285347260737,11.820460923674696,49.57613720427671,43.10111450147172,9.71794142969884e-05,0.0939245000481605,0,0,0
4100,142330.88662052108,2010-11-03 05:55:54,4352.199929312785,2,13,0.550297200679779,4.068202018737793,12.425871939564658,11.820460923674696,49.59479010266395,43.10111450147172,3.24249267578125e-05,0.0939245000481605,0,0,0
4101,142360.90177315474,2010-11-03 05:56:24,4382.215081951487,2,13,0.5499359965324402,4.070953845977783,12.430458544317244,11.820460923674696,49.6134556089889,43.10111450147172,6.47544875391759e-05,0.0939245000481605,0,0,0
4102,142390.917029377,2010-11-03 05:56:54,4412.230338193799,2,13,0.5501165986061096,4.073544025421143,12.435045103507203,11.820460923674696,49.63213343627415,43.10111450147172,6.47544875391759e-05,0.0939245000481605,0,0,0
4103,142420.93231550892,2010-11-03 05:57:24,4442.245624305671,2,13,0.550297200679779,4.076620101928711,12.439631708891351,11.820460923674696,49.65082422086941,43.10111450147172,0.0001295089750783,0.0939245000481605,0,0,0
4104,142450.94759119977,2010-11-03 05:57:54,4472.260899986504,2,13,0.5499359965324402,4.07921028137207,12.44421828441012,11.820460923674696,49.669527747054815,43.10111450147172,6.47544875391759e-05,0.0939245000481605,0,0,0
4105,142480.96286821394,2010-11-03 05:58:24,4502.276177000667,2,13,0.550297200679779,4.08212423324585,12.448804857599605,11.820460923674696,49.68824426966472,43.10111450147172,9.71794142969884e-05,0.0939245000481605,0,0,0
4106,142510.97814849627,2010-11-03 05:58:54,4532.291457282988,2,13,0.5499359965324402,4.085038185119629,12.453391419317182,11.820460923674696,49.7069739025927,43.10111450147172,6.47544875391759e-05,0.0939245000481605,0,0,0
4107,142540.9933807788,2010-11-03 05:59:24,4562.306689575517,2,13,0.550297200679779,4.087952136993408,12.457977994834902,11.820460923674696,49.725716773541954,43.10111450147172,9.71794142969884e-05,0.0939245000481605,0,0,0
4108,142571.0086769708,2010-11-03 05:59:54,4592.32198576755,2,13,0.5501165986061096,4.090866088867188,12.462564571804064,11.820460923674696,49.744472956669775,43.10111450147172,9.71794142969884e-05,0.0939245000481605,0,0,0
4109,142601.02393683715,2010-11-03 06:00:24,4622.337245628897,2,13,0.5501165986061096,4.093780040740967,12.467151141275588,11.820460923674696,49.7632425366285,43.10111450147172,9.71794142969884e-05,0.0939245000481605,0,0,0
4110,142631.039214909,2010-11-03 06:00:54,4652.352523705712,2,13,0.5501165986061096,4.096693992614746,12.471737636643752,11.820460923674696,49.78202546109258,43.10111450147172,6.47544875391759e-05,0.0939245000481605,0,0,0
4111,142661.0544957477,2010-11-03 06:01:24,4682.367804544421,2,13,0.5501165986061096,4.099607944488525,12.476324156376844,11.820460923674696,49.80082208947552,43.10111450147172,3.24249267578125e-05,0.0939245000481605,0,0,0
4112,142691.0697902104,2010-11-03 06:01:54,4712.383099002125,2,13,0.5501165986061096,4.102845668792725,12.480910777398249,11.820460923674696,49.81963289511352,43.10111450147172,0.0001295089750783,0.0939245000481605,0,0,0
4113,142721.0851959509,2010-11-03 06:02:24,4742.398504752632,2,13,0.5499359965324402,4.105759620666504,12.485497365020226,11.820460923674696,49.838457511446414,43.10111450147172,6.47544875391759e-05,0.0939245000481605,0,0,0
4114,142751.10044588745,2010-11-03 06:02:54,4772.41375467918,2,13,0.5499359965324402,4.108673572540283,12.490083914206236,11.820460923674696,49.85729597046652,43.10111450147172,3.24249267578125e-05,0.0939245000481605,0,0,0
4115,142781.11562583933,2010-11-03 06:03:24,4802.428934626048,2,13,0.5501165986061096,4.111911296844482,12.49467049839968,11.820460923674696,49.87614872032003,43.10111450147172,6.47544875391759e-05,0.0939245000481605,0,0,0
4116,142811.13101365507,2010-11-03 06:03:54,4832.444322461837,2,13,0.550297200679779,4.115148544311523,12.49925709075852,11.820460923674696,49.89501564466029,43.10111450147172,9.70840483205393e-05,0.0939245000481605,0,0,0
4117,142841.14615121615,2010-11-03 06:04:24,4862.459460012879,2,13,0.5501165986061096,4.118224620819092,12.503843688172754,11.820460923674696,49.91389688781772,43.10111450147172,9.71794142969884e-05,0.0939245000481605,0,0,0
4118,142871.16155015465,2010-11-03 06:04:54,4892.474858956395,2,13,0.5501165986061096,4.121300220489502,12.508430309431011,11.820460923674696,49.93279265787867,43.10111450147172,3.23295607813634e-05,0.0939245000481605,0,0,0
4119,142901.17670683342,2010-11-03 06:05:24,4922.490015625156,2,13,0.5499359965324402,4.12437629699707,12.51301692156246,11.820460923674696,49.95170300017025,43.10111450147172,3.24249267578125e-05,0.0939245000481605,0,0,0
4120,142931.19222247324,2010-11-03 06:05:54,4952.505531295041,2,13,0.5501165986061096,4.1276140213012695,12.517603637397189,11.820460923674696,49.9706284835651,43.10111450147172,3.24249267578125e-05,0.0939245000481605,0,0,0
4121,142961.20726572388,2010-11-03 06:06:24,4982.520574515617,2,13,0.5501165986061096,4.1310133934021,12.522190242398215,11.820460923674696,49.98956829972949,43.10111450147172,9.70840483205393e-05,0.0939245000481605,0,0,0
4122,142991.22257466774,2010-11-03 06:06:54,5012.535883454469,2,13,0.5499359965324402,4.134089469909668,12.526776906205106,11.820460923674696,50.00852336057944,43.10111450147172,3.24249267578125e-05,0.0939245000481605,0,0,0
4123,143021.2378650553,2010-11-03 06:07:24,5042.551173847026,2,13,0.5501165986061096,4.137488842010498,12.53136351646336,11.820460923674696,50.02749314382098,43.10111450147172,6.47544875391759e-05,0.0939245000481605,0,0,0
4124,143051.2532570214,2010-11-03 06:07:54,5072.566565808113,2,13,0.5501165986061096,4.141050338745117,12.535950192247087,11.820460923674696,50.046478415933535,43.10111450147172,0.0001295089750783,0.0939245000481605,0,0,0
4125,143081.2683780913,2010-11-03 06:08:24,5102.581686883028,2,13,0.5501165986061096,4.144288063049316,12.540536849557798,11.820460923674696,50.06547904482038,43.10111450147172,0.0001295089750783,0.0939245000481605,0,0,0
4126,143111.28378805734,2010-11-03 06:08:54,5132.597096849057,2,13,0.5499359965324402,4.147687911987305,12.545123421020776,11.820460923674696,50.08449523408672,43.10111450147172,3.24249267578125e-05,0.0939245000481605,0,0,0
4127,143141.2989403251,2010-11-03 06:09:24,5162.612249121847,2,13,0.5501165986061096,4.151249408721924,12.549710031274756,11.820460923674696,50.103527210904645,43.10111450147172,0.0001295089750783,0.0939245000481605,0,0,0
4128,143171.31439376465,2010-11-03 06:09:54,5192.627702581443,2,13,0.5501165986061096,4.154648780822754,12.55429669991,11.820460923674696,50.12257510847875,43.10111450147172,9.70840483205393e-05,0.0939245000481605,0,0,0
4129,143201.32946258914,2010-11-03 06:10:24,5222.64277138087,2,13,0.5499359965324402,4.158048629760742,12.558883162199312,11.820460923674696,50.1416378399184,43.10111450147172,9.71794142969884e-05,0.0939245000481605,0,0,0
4130,143231.3448638384,2010-11-03 06:10:54,5252.658172630143,2,13,0.5501165986061096,4.161610126495361,12.563469783335885,11.820460923674696,50.160717069708056,43.10111450147172,9.71794142969884e-05,0.0939245000481605,0,0,0
4131,143261.36000997588,2010-11-03 06:11:24,5282.673318772629,2,13,0.5501165986061096,4.165009498596191,12.568056396629691,11.820460923674696,50.17981221086606,43.10111450147172,9.70840483205393e-05,0.0939245000481605,0,0,0
4132,143291.37529549628,2010-11-03 06:11:54,5312.6886042880105,2,13,0.5499359965324402,4.1685709953308105,12.572642475497824,11.820460923674696,50.198921146886335,43.10111450147172,9.70840483205393e-05,0.0939245000481605,0,0,0
4133,143321.39057634005,2010-11-03 06:12:24,5342.703885131733,2,13,0.5497553944587708,4.171970844268799,12.577228101137903,11.820460923674696,50.218044424723296,43.10111450147172,9.71794142969884e-05,0.0939245000481605,0,0,0
4134,143351.4058901811,2010-11-03 06:12:54,5372.71919897282,2,13,0.5499359965324402,4.175532341003418,12.581813710555366,11.820460923674696,50.23718393002519,43.10111450147172,9.71794142969884e-05,0.0939245000481605,0,0,0
4135,143381.42126510464,2010-11-03 06:13:24,5402.73457389638,2,13,0.5501165986061096,4.179255485534668,12.586399333470297,11.820460923674696,50.25633985658478,43.10111450147172,0.0001295089750783,0.0939245000481605,0,0,0
4136,143411.43642637492,2010-11-03 06:13:54,5432.749735161615,2,13,0.5501165986061096,4.182655334472656,12.590985405028016,11.820460923674696,50.27551429025484,43.10111450147172,6.47544875391759e-05,0.0939245000481605,0,0,0
4137,143441.45179443134,2010-11-03 06:14:24,5462.765103223045,2,13,0.5501165986061096,4.186540603637695,12.595571960410078,11.820460923674696,50.29470742390584,43.10111450147172,6.47544875391759e-05,0.0939245000481605,0,0,0
4138,143471.4669361728,2010-11-03 06:14:54,5492.780244964547,2,13,0.5501165986061096,4.1901021003723145,12.600158438026806,11.820460923674696,50.31391710495557,43.10111450147172,9.71794142969884e-05,0.0939245000481605,0,0,0
4139,143501.4822191218,2010-11-03 06:15:24,5522.795527938585,2,13,0.5501165986061096,4.1938252449035645,12.604744963729804,11.820460923674696,50.3331437923624,43.10111450147172,9.70840483205393e-05,0.0939245000481605,0,0,0
4140,143531.49751659704,2010-11-03 06:15:54,5552.810825388759,2,13,0.5499359965324402,4.197386741638184,12.609331471675812,11.820460923674696,50.35238731621992,43.10111450147172,9.71794142969884e-05,0.0939245000481605,0,0,0
4141,143550.3878931782,2010-11-03 06:16:13,5571.701201969917,2,13,0.5501165986061096,4.200138568878174,12.612218030556573,11.820460923674696,50.364507168047176,43.10111450147172,0.0001295089750783,0.0939245000481605,0,0,0
4142,143580.3966860202,2010-11-03 06:16:43,30.015359073996244,3,13,0.0,4.114177703857422,12.612218030556573,11.820460923674696,50.364507168047176,43.10111450147172,-0.0003884315374307,0.0939245000481605,0,0,0
4143,143610.41183360128,2010-11-03 06:17:13,60.03050666008614,3,13,0.0,4.103816986083984,12.612218030556573,11.820460923674696,50.364507168047176,43.10111450147172,-0.0001942634553415,0.0939245000481605,0,0,0
4144,143640.4271503145,2010-11-03 06:17:43,90.04582337835596,3,13,0.0,4.097503185272217,12.612218030556573,11.820460923674696,50.364507168047176,43.10111450147172,-0.0001295089750783,0.0939245000481605,0,0,0
4145,143670.39568587483,2010-11-03 06:18:13,120.01435892362088,3,13,0.0,4.093294143676758,12.612218030556573,11.820460923674696,50.364507168047176,43.10111450147172,-9.71794142969884e-05,0.0939245000481605,0,0,0
4146,143670.40607601075,2010-11-03 06:18:14,0.015705147464247,4,13,0.9889971613883972,4.199814796447754,12.612222345097296,11.820460923674696,50.364525288319165,43.10111450147172,0.0,0.0939245000481605,0,0,0
4147,143671.28128095192,2010-11-03 06:18:14,0.890910239019707,4,13,0.9380653500556946,4.199653148651123,12.612454811481731,11.820460923674696,50.36550158165531,43.10111450147172,-3.23295607813634e-05,0.0939245000481605,0,0,0
4148,143673.45278033847,2010-11-03 06:18:17,3.062409475189993,4,13,0.8874947428703308,4.199653148651123,12.613004208823764,11.820460923674696,50.36780888723166,43.10111450147172,-3.23295607813634e-05,0.0939245000481605,0,0,0
4149,143676.71851133546,2010-11-03 06:18:20,6.32814047217863,4,13,0.8374660015106201,4.199653148651123,12.613785442285366,11.820460923674696,50.371089854616415,43.10111450147172,0.0,0.0939245000481605,0,0,0
4150,143681.20272360917,2010-11-03 06:18:24,10.812352770955192,4,13,0.7874372005462646,4.199653148651123,12.61479615824848,11.820460923674696,50.37533457962641,43.10111450147172,0.0,0.0939245000481605,0,0,0
4151,143687.06199082156,2010-11-03 06:18:30,16.671619978330522,4,13,0.737408459186554,4.199814796447754,12.616035643736955,11.820460923674696,50.380540097990384,43.10111450147172,0.0,0.0939245000481605,0,0,0
4152,143694.7651281725,2010-11-03 06:18:38,24.37475745456929,4,13,0.6873796582221985,4.199653148651123,12.617557927004846,11.820460923674696,50.38693329069629,43.10111450147172,0.0,0.0939245000481605,0,0,0
4153,143705.04617407476,2010-11-03 06:18:48,34.655803206465364,4,13,0.6371703147888184,4.199653148651123,12.619446292645216,11.820460923674696,50.39486395324014,43.10111450147172,-3.23295607813634e-05,0.0939245000481605,0,0,0
4154,143719.63974503806,2010-11-03 06:19:03,49.24937417476701,4,13,0.5869609117507935,4.199653148651123,12.621922071561665,11.820460923674696,50.405261613334105,43.10111450147172,-6.47544875391759e-05,0.0939245000481605,0,0,0
4155,143742.12398788732,2010-11-03 06:19:25,71.73361702403307,4,13,0.5367515087127686,4.199653148651123,12.62541927101757,11.820460923674696,50.419948985245775,43.10111450147172,-3.23295607813634e-05,0.0939245000481605,0,0,0
4156,143781.29526346253,2010-11-03 06:20:04,110.90489262929388,4,13,0.4867227673530578,4.199491024017334,12.63096204885124,11.820460923674696,50.443227301368886,43.10111450147172,-9.71794142969884e-05,0.0939245000481605,0,0,0
4157,143852.40381992923,2010-11-03 06:21:16,182.0134490659377,4,13,0.4366939961910248,4.199491024017334,12.64004220325894,11.820460923674696,50.48136169996876,43.10111450147172,-6.47544875391759e-05,0.0939245000481605,0,0,0
4158,143957.4964655859,2010-11-03 06:23:01,287.106094722596,4,13,0.3863039910793304,4.199814796447754,12.652032653255812,11.820460923674696,50.53171863881861,43.10111450147172,0.0,0.0939245000481605,0,0,0
4159,144087.35421408425,2010-11-03 06:25:11,416.96384322597567,4,13,0.3362752199172973,4.199653148651123,12.665048835741112,11.820460923674696,50.58638343288428,43.10111450147172,0.0,0.0939245000481605,0,0,0
4160,144240.77444761022,2010-11-03 06:27:44,570.384076767007,4,13,0.2862464487552643,4.199653148651123,12.678293619043654,11.820460923674696,50.64200824687564,43.10111450147172,0.0,0.0939245000481605,0,0,0
4161,144424.7722911651,2010-11-03 06:30:48,754.3819203168679,4,13,0.2362176924943924,4.199653148651123,12.691624733019648,11.820460923674696,50.69799564544187,43.10111450147172,0.0,0.0939245000481605,0,0,0
4162,144652.6444888478,2010-11-03 06:34:36,982.25411798952,4,13,0.1861889213323593,4.199653148651123,12.704959603914098,11.820460923674696,50.753998837392125,43.10111450147172,-3.23295607813634e-05,0.0939245000481605,0,0,0
4163,144957.625308183,2010-11-03 06:39:41,1287.2349373196942,4,13,0.1361601501703262,4.199653148651123,12.718529421950636,11.820460923674696,50.81098876388852,43.10111450147172,-3.23295607813634e-05,0.0939245000481605,0,0,0
4164,145422.69800797128,2010-11-03 06:47:26,1752.3076371130244,4,13,0.0861313790082931,4.199653148651123,12.73266500298284,11.820460923674696,50.87035479279654,43.10111450147172,-3.23295607813634e-05,0.0939245000481605,0,0,0
4165,146038.1596147432,2010-11-03 06:57:41,2367.769243884928,4,13,0.0498289167881011,4.199814796447754,12.744022390362874,11.820460923674696,50.91805294595541,43.10111450147172,3.23295607813634e-05,0.0939245000481605,0,0,0
4166,146068.18150128573,2010-11-03 06:58:11,30.01512606236336,5,13,0.0,4.191720962524414,12.744022390362874,11.820460923674696,50.91805294595541,43.10111450147172,-6.47544875391759e-05,0.0939245000481605,0,0,0
4167,146098.18115281628,2010-11-03 06:58:41,60.01477759291463,5,13,0.0,4.190749645233154,12.744022390362874,11.820460923674696,50.91805294595541,43.10111450147172,-3.23295607813634e-05,0.0939245000481605,0,0,0
4168,146098.3762084024,2010-11-03 06:58:42,0.187554635224079,6,13,-1.9243103452026844e-05,4.190749645233154,12.744022390362874,11.820460924677231,50.91805294595541,43.1011145056731,0.0,0.0940094217658042,0,0,0
4169,146103.20454875773,2010-11-03 06:58:47,5.015894990572622,6,13,0.0005225847125984,4.190749645233154,12.744023234750172,11.820460924844,50.9180564845437,43.10111450637198,-3.23295607813634e-05,0.0940094217658042,0,0,0
4170,146133.22702839118,2010-11-03 06:59:17,30.01524926489584,7,13,-1.099568486213684,4.013160705566406,12.744023234750172,11.829629434364069,50.9180564845437,43.13810708308653,-0.0009065627818927,0.0940094217658042,0,0,0
4171,146163.2422918816,2010-11-03 06:59:47,60.030512755300734,7,13,-1.0997490882873535,3.986125946044922,12.744023234750172,11.838797898131752,50.9180564845437,43.1747686430778,-0.0006151676061563,0.0940094217658042,0,0,0
4172,146193.25770705062,2010-11-03 07:00:17,90.04592792431876,7,13,-1.0997490882873535,3.9673471450805664,12.744023234750172,11.847966325567816,50.9180564845437,43.21122483929097,-0.0004532813909463,0.0940094217658042,0,0,0
4173,146223.2728799599,2010-11-03 07:00:47,120.06110083863182,7,13,-1.099568486213684,3.95277738571167,12.744023234750172,11.857134608364412,50.9180564845437,43.247529827728464,-0.0003561496851034,0.0940094217658042,0,0,0
4174,146253.28824172562,2010-11-03 07:01:17,150.0764625993345,7,13,-1.099929690361023,3.940635919570923,12.744023234750172,11.86630299027304,50.9180564845437,43.28371377980368,-0.0002913951757363,0.0940094217658042,0,0,0
4175,146283.30339958737,2010-11-03 07:01:47,180.09162047611153,7,13,-1.0997490882873535,3.9299514293670654,12.744023234750172,11.875471290214692,50.9180564845437,43.31979306454596,-0.0002590179501567,0.0940094217658042,0,0,0
4176,146313.31870662648,2010-11-03 07:02:17,210.10692750018316,7,13,-1.0997490882873535,3.920076370239258,12.744023234750172,11.884639668261109,50.9180564845437,43.355777591032805,-0.0002266406954731,0.0940094217658042,0,0,0
4177,146343.33409977553,2010-11-03 07:02:47,240.122320659261,7,13,-1.0997490882873535,3.910525321960449,12.744023234750172,11.893808066253287,50.9180564845437,43.39167378157078,-0.0002590179501567,0.0940094217658042,0,0,0
4178,146373.3493433412,2010-11-03 07:03:17,270.13756421991815,7,13,-1.0997490882873535,3.9014596939086914,12.744023234750172,11.902976448522042,50.9180564845437,43.42748561873516,-0.0002590179501567,0.0940094217658042,0,0,0
4179,146403.3645691375,2010-11-03 07:03:47,300.152790096433,7,13,-1.0997490882873535,3.892555952072144,12.744023234750172,11.912144847871929,50.9180564845437,43.46321591825079,-0.0002266406954731,0.0940094217658042,0,0,0
4180,146433.37985274312,2010-11-03 07:04:17,330.1680736719735,7,13,-1.099568486213684,3.8844616413116455,12.744023234750172,11.921313277973653,50.9180564845437,43.49886708938059,-0.0001295089750783,0.0940094217658042,0,0,0
4181,146463.39504168247,2010-11-03 07:04:47,360.18326255614977,7,13,-1.099568486213684,3.875719785690308,12.744023234750172,11.930481671078104,50.9180564845437,43.53444073460472,-0.0002266406954731,0.0940094217658042,0,0,0
4182,146493.4103267066,2010-11-03 07:05:17,390.19854758030624,7,13,-1.099568486213684,3.8676254749298096,12.744023234750172,11.939650089193462,50.9180564845437,43.56993803425467,-0.0001942634553415,0.0940094217658042,0,0,0
4183,146523.42562996125,2010-11-03 07:05:47,420.21385083496887,7,13,-1.0997490882873535,3.8593692779541016,12.744023234750172,11.94881852723992,50.9180564845437,43.605360403831945,-0.0002266406954731,0.0940094217658042,0,0,0
4184,146553.44086349188,2010-11-03 07:06:17,450.2290843655894,7,13,-1.0997490882873535,3.851598739624024,12.744023234750172,11.957986978520289,50.9180564845437,43.640709618645225,-0.0002266406954731,0.0940094217658042,0,0,0
4185,146583.45671203264,2010-11-03 07:06:47,480.2449329264202,7,13,-1.0997490882873535,3.843504428863525,12.744023234750172,11.967155569655452,50.9180564845437,43.67598623737135,-0.0002266406954731,0.0940094217658042,0,0,0
4186,146613.47141514427,2010-11-03 07:07:17,510.2596360179834,7,13,-1.099568486213684,3.8357338905334473,12.744023234750172,11.97632382745682,50.9180564845437,43.711189274746246,-0.0001942634553415,0.0940094217658042,0,0,0
4187,146643.48676444887,2010-11-03 07:07:47,540.2749853476563,7,13,-1.0997490882873535,3.827963590621948,12.744023234750172,11.98549227189434,50.9180564845437,43.74632190668151,-0.0002266406954731,0.0940094217658042,0,0,0
4188,146673.50204011466,2010-11-03 07:08:17,570.2902609984153,7,13,-1.0997490882873535,3.8206787109375,12.744023234750172,11.994660663137736,50.9180564845437,43.7813854133256,-0.0002266406954731,0.0940094217658042,0,0,0
4189,146703.51722002146,2010-11-03 07:08:47,600.3054408951575,7,13,-1.099568486213684,3.813393831253052,12.744023234750172,12.003828953700006,50.9180564845437,43.81638122944632,-0.0001942634553415,0.0940094217658042,0,0,0
4190,146733.53252291022,2010-11-03 07:09:17,630.3207437839068,7,13,-1.099929690361023,3.8059470653533936,12.744023234750172,12.01299724814306,50.9180564845437,43.8513094692321,-0.0001942634553415,0.0940094217658042,0,0,0
4191,146763.54779839053,2010-11-03 07:09:47,660.3360192943155,7,13,-1.0993878841400146,3.798985958099365,12.744023234750172,12.022165602164003,50.9180564845437,43.886171418539774,-0.0001295089750783,0.0940094217658042,0,0,0
4192,146793.56338330326,2010-11-03 07:10:17,690.3516042020273,7,13,-1.0997490882873535,3.791862964630127,12.744023234750172,12.031334072086388,50.9180564845437,43.920968818529765,-0.0001942634553415,0.0940094217658042,0,0,0
4193,146823.57828772234,2010-11-03 07:10:47,720.3665086060976,7,13,-1.0997490882873535,3.7850637435913086,12.744023234750172,12.040502319909011,50.9180564845437,43.955701662576026,-0.0001295089750783,0.0940094217658042,0,0,0
4194,146853.59356109746,2010-11-03 07:11:17,750.381781971151,7,13,-1.0997490882873535,3.77810263633728,12.744023234750172,12.049670687748984,50.9180564845437,43.99037288234339,-0.0001942634553415,0.0940094217658042,0,0,0
4195,146883.60883440234,2010-11-03 07:11:47,780.3970552760544,7,13,-1.0993878841400146,3.7719509601593018,12.744023234750172,12.058839101441755,50.9180564845437,44.024983619747935,-0.0001295089750783,0.0940094217658042,0,0,0
4196,146913.62445703923,2010-11-03 07:12:17,810.4126779129441,7,13,-1.099568486213684,3.765313625335693,12.744023234750172,12.068007581633616,50.9180564845437,44.05953499841311,-0.0001295089750783,0.0940094217658042,0,0,0
4197,146943.63939950333,2010-11-03 07:12:47,840.427620377018,7,13,-1.0997490882873535,3.759161949157715,12.744023234750172,12.077175914010787,50.9180564845437,44.09402785682623,-0.0001295089750783,0.0940094217658042,0,0,0
4198,146973.65466446738,2010-11-03 07:13:17,870.4428853411015,7,13,-1.0997490882873535,3.753010272979736,12.744023234750172,12.08634440668143,50.9180564845437,44.12846535453155,-0.0001618862152099,0.0940094217658042,0,0,0
4199,147003.66994977224,2010-11-03 07:13:47,900.4581706459586,7,13,-1.099568486213684,3.746858835220337,12.744023234750172,12.095512916322502,50.9180564845437,44.16284656928367,-0.0001618862152099,0.0940094217658042,0,0,0
4200,147033.68522518742,2010-11-03 07:14:17,930.473446086192,7,13,-1.099568486213684,3.7410309314727774,12.744023234750172,12.104681373579686,50.9180564845437,44.19717243618514,-0.0001295089750783,0.0940094217658042,0,0,0
4201,147063.7004834247,2010-11-03 07:14:47,960.488704298422,7,13,-1.0997490882873535,3.7350411415100098,12.744023234750172,12.113849884942113,50.9180564845437,44.23144435208378,-0.0001618862152099,0.0940094217658042,0,0,0
4202,147093.71576366192,2010-11-03 07:15:17,990.5039845356292,7,13,-1.099568486213684,3.729213237762451,12.744023234750172,12.12301831607452,50.9180564845437,44.26566280483637,-0.0001618862152099,0.0940094217658042,0,0,0
4203,147123.73106867596,2010-11-03 07:15:47,1020.5192895597088,7,13,-1.099568486213684,3.7238709926605225,12.744023234750172,12.13218682616336,50.9180564845437,44.29982959255455,-9.713172767078504e-05,0.0940094217658042,0,0,0
4204,147153.7462608233,2010-11-03 07:16:17,1050.5344816970053,7,13,-1.0993878841400146,3.718043088912964,12.744023234750172,12.141355286779133,50.9180564845437,44.33394405383391,-0.0001942634553415,0.0940094217658042,0,0,0
4205,147183.76156395767,2010-11-03 07:16:47,1080.5497848614427,7,13,-1.0993878841400146,3.712538957595825,12.744023234750172,12.150523641578848,50.9180564845437,44.368006914951,-0.0001618862152099,0.0940094217658042,0,0,0
4206,147213.77683441548,2010-11-03 07:17:17,1110.5650553142268,7,13,-1.0997490882873535,3.7070348262786874,12.744023234750172,12.159692110696984,50.9180564845437,44.4020196633462,-0.0001295089750783,0.0940094217658042,0,0,0
4207,147243.79213431175,2010-11-03 07:17:47,1140.580355210506,7,13,-1.099568486213684,3.701692581176758,12.744023234750172,12.168860518797397,50.9180564845437,44.43598260035463,-9.713172767078504e-05,0.0940094217658042,0,0,0
4208,147273.80741107528,2010-11-03 07:18:17,1170.5956319740428,7,13,-1.099568486213684,3.696350336074829,12.744023234750172,12.178028929888525,50.9180564845437,44.46989649117047,-0.0001618862152099,0.0940094217658042,0,0,0
4209,147303.82278780334,2010-11-03 07:18:47,1200.611008677044,7,13,-1.099568486213684,3.69133186340332,12.744023234750172,12.187197386443946,50.9180564845437,44.503762347359135,-6.47544875391759e-05,0.0940094217658042,0,0,0
4210,147333.8380920204,2010-11-03 07:19:17,1230.6263129041338,7,13,-1.099568486213684,3.6858277320861816,12.744023234750172,12.196365814684883,50.9180564845437,44.53758023322232,-0.0001618862152099,0.0940094217658042,0,0,0
4211,147363.85325935078,2010-11-03 07:19:47,1260.641480244533,7,13,-1.0997490882873535,3.680809259414673,12.744023234750172,12.205534154158077,50.9180564845437,44.57135078649517,-0.0001295089750783,0.0940094217658042,0,0,0
4212,147393.8686316578,2010-11-03 07:20:17,1290.6568525315113,7,13,-1.099568486213684,3.675790786743164,12.744023234750172,12.214702605871464,50.9180564845437,44.60507564588266,-0.0001295089750783,0.0940094217658042,0,0,0
4213,147423.8837809331,2010-11-03 07:20:47,1320.6720018068177,7,13,-1.0997490882873535,3.6710963249206543,12.744023234750172,12.223870996412325,50.9180564845437,44.638754868534456,-9.713172767078504e-05,0.0940094217658042,0,0,0
4214,147453.89916712983,2010-11-03 07:21:17,1350.6873880135415,7,13,-1.099568486213684,3.6660778522491455,12.744023234750172,12.233039407568368,50.9180564845437,44.67238965052032,-0.0001295089750783,0.0940094217658042,0,0,0
4215,147483.91435309668,2010-11-03 07:21:47,1380.7025739704106,7,13,-1.099568486213684,3.6615450382232666,12.744023234750172,12.242207740374958,50.9180564845437,44.70598008334182,-9.713172767078504e-05,0.0940094217658042,0,0,0
4216,147513.9297505415,2010-11-03 07:22:17,1410.717971425211,7,13,-1.099568486213684,3.656526565551758,12.744023234750172,12.251376130873073,50.9180564845437,44.739526963670336,-0.0001295089750783,0.0940094217658042,0,0,0
4217,147543.94499231767,2010-11-03 07:22:47,1440.7332132014144,7,13,-1.0997490882873535,3.651831865310669,12.744023234750172,12.260544513040449,50.9180564845437,44.77303075952586,-0.0001295089750783,0.0940094217658042,0,0,0
4218,147573.96028132678,2010-11-03 07:23:17,1470.748502210518,7,13,-1.099568486213684,3.6474609375,12.744023234750172,12.26971287374906,50.9180564845437,44.806491800159776,-9.713172767078504e-05,0.0940094217658042,0,0,0
4219,147603.97549053168,2010-11-03 07:23:47,1500.7637115206803,7,13,-1.0997490882873535,3.642604351043701,12.744023234750172,12.278881087781246,50.9180564845437,44.83991002139776,-0.0001618862152099,0.0940094217658042,0,0,0
4220,147633.99068885442,2010-11-03 07:24:18,1530.7789097281293,7,13,-1.0997490882873535,3.638233423233032,12.744023234750172,12.288049342199004,50.9180564845437,44.87328712224415,-0.0001618862152099,0.0940094217658042,0,0,0
4221,147664.00595483102,2010-11-03 07:24:48,1560.79417570474,7,13,-1.099568486213684,3.634024381637573,12.744023234750172,12.297217648931332,50.9180564845437,44.90662410651476,-6.47544875391759e-05,0.0940094217658042,0,0,0
4222,147694.02122815096,2010-11-03 07:25:18,1590.8094490246808,7,13,-1.099568486213684,3.629815340042114,12.744023234750172,12.306386016150231,50.9180564845437,44.939921808317365,-0.0001295089750783,0.0940094217658042,0,0,0
4223,147724.03722203453,2010-11-03 07:25:48,1620.8254429082597,7,13,-1.099568486213684,3.625444412231445,12.744023234750172,12.315554575977552,50.9180564845437,44.97318147812989,-0.0001295089750783,0.0940094217658042,0,0,0
4224,147754.03944573563,2010-11-03 07:26:18,1650.827666694557,7,13,-1.099568486213684,3.621397256851196,12.744023234750172,12.324718909627531,50.9180564845437,45.00638795665144,-6.47544875391759e-05,0.0940094217658042,0,0,0
4225,147784.0514882209,2010-11-03 07:26:48,1680.8397091798372,7,13,-1.0997490882873535,3.6173501014709473,12.744023234750172,12.33388621903951,50.9180564845437,45.03956776290749,-9.713172767078504e-05,0.0940094217658042,0,0,0
4226,147814.0667102328,2010-11-03 07:27:18,1710.8549311064926,7,13,-1.099568486213684,3.613464832305908,12.744023234750172,12.343054563339464,50.9180564845437,45.07271467107372,-0.0001295089750783,0.0940094217658042,0,0,0
4227,147844.08197744747,2010-11-03 07:27:48,1740.8701983211945,7,13,-1.099568486213684,3.609579563140869,12.744023234750172,12.352222846659812,50.9180564845437,45.105825776288725,-9.713172767078504e-05,0.0940094217658042,0,0,0
4228,147874.09725785512,2010-11-03 07:28:18,1770.885478728827,7,13,-1.0997490882873535,3.60569429397583,12.744023234750172,12.361391232236032,50.9180564845437,45.13890196070821,-9.713172767078504e-05,0.0940094217658042,0,0,0
4229,147904.1128885922,2010-11-03 07:28:48,1800.901109465936,7,13,-1.0997490882873535,3.602132797241211,12.744023234750172,12.370559581177863,50.9180564845437,45.171943714722985,-6.47544875391759e-05,0.0940094217658042,0,0,0
4230,147934.12782197862,2010-11-03 07:29:18,1830.9160428523508,7,13,-1.0997490882873535,3.598409414291382,12.744023234750172,12.379727823790075,50.9180564845437,45.20495165245927,-9.713172767078504e-05,0.0940094217658042,0,0,0
4231,147964.14306980494,2010-11-03 07:29:48,1860.9312906786552,7,13,-1.0997490882873535,3.5948479175567627,12.744023234750172,12.388896174953508,50.9180564845437,45.23792715239405,-9.713172767078504e-05,0.0940094217658042,0,0,0
4232,147994.15835019754,2010-11-03 07:30:18,1890.946571071251,7,13,-1.099568486213684,3.5912866592407227,12.744023234750172,12.398064447251654,50.9180564845437,45.27087049155459,-0.0001295089750783,0.0940094217658042,0,0,0
4233,148024.17362587334,2010-11-03 07:30:48,1920.9618467470725,7,13,-1.0997490882873535,3.587887048721313,12.744023234750172,12.407232811593346,50.9180564845437,45.30378288138158,-0.0001295089750783,0.0940094217658042,0,0,0
4234,148054.18890848148,2010-11-03 07:31:18,1950.9771293551985,7,13,-1.099568486213684,3.584973096847534,12.744023234750172,12.416401228464604,50.9180564845437,45.33666501935794,-6.47544875391759e-05,0.0940094217658042,0,0,0
4235,148084.20425839763,2010-11-03 07:31:48,1980.992479271335,7,13,-1.099568486213684,3.581735372543335,12.744023234750172,12.425569513581916,50.9180564845437,45.36951769148871,-9.713172767078504e-05,0.0940094217658042,0,0,0
4236,148114.21943307132,2010-11-03 07:32:18,2011.00765394504,7,13,-1.0993878841400146,3.5786595344543457,12.744023234750172,12.434737813210893,50.9180564845437,45.40234185916108,-6.47544875391759e-05,0.0940094217658042,0,0,0
4237,148144.23473094756,2010-11-03 07:32:48,2041.0229518212768,7,13,-1.0997490882873535,3.5755836963653564,12.744023234750172,12.443906192756314,50.9180564845437,45.43513791378152,-9.713172767078504e-05,0.0940094217658042,0,0,0
4238,148174.24997465356,2010-11-03 07:33:18,2071.0381955523594,7,13,-1.0997490882873535,3.572507858276367,12.744023234750172,12.453074536191988,50.9180564845437,45.4679058004155,-6.47544875391759e-05,0.0940094217658042,0,0,0
4239,148204.26537096052,2010-11-03 07:33:48,2101.053591834232,7,13,-1.0997490882873535,3.569432020187378,12.744023234750172,12.462242959351784,50.9180564845437,45.500646100103744,-6.47544875391759e-05,0.0940094217658042,0,0,0
4240,148234.28051512808,2010-11-03 07:34:18,2131.0687360068014,7,13,-1.099568486213684,3.5663561820983887,12.744023234750172,12.47141119145383,50.9180564845437,45.53335810703104,-9.713172767078504e-05,0.0940094217658042,0,0,0
4241,148264.29593767552,2010-11-03 07:34:48,2161.084158549225,7,13,-1.0993878841400146,3.5634422302246094,12.744023234750172,12.480579536965145,50.9180564845437,45.56604305934899,-9.713172767078504e-05,0.0940094217658042,0,0,0
4242,148294.31106815892,2010-11-03 07:35:18,2191.0992890426487,7,13,-1.099568486213684,3.56052827835083,12.744023234750172,12.489747797707809,50.9180564845437,45.598701558244336,-9.713172767078504e-05,0.0940094217658042,0,0,0
4243,148324.3263463861,2010-11-03 07:35:48,2221.114567269839,7,13,-1.0997490882873535,3.5577762126922607,12.744023234750172,12.498916125444886,50.9180564845437,45.63133399893309,-9.713172767078504e-05,0.0940094217658042,0,0,0
4244,148354.34162753558,2010-11-03 07:36:18,2251.1298484143117,7,13,-1.099568486213684,3.5550241470336914,12.744023234750172,12.508084406410925,50.9180564845437,45.66393993139392,-6.47544875391759e-05,0.0940094217658042,0,0,0
4245,148384.35689979288,2010-11-03 07:36:48,2281.145120666587,7,13,-1.0997490882873535,3.552110195159912,12.744023234750172,12.517252652224306,50.9180564845437,45.69651919818757,-6.47544875391759e-05,0.0940094217658042,0,0,0
4246,148414.37219624556,2010-11-03 07:37:18,2311.1604171192707,7,13,-1.099568486213684,3.549196243286133,12.744023234750172,12.52642098861174,50.9180564845437,45.729072272803336,-9.713172767078504e-05,0.0940094217658042,0,0,0
4247,148444.3874383225,2010-11-03 07:37:48,2341.1756591962244,7,13,-1.099568486213684,3.546282291412353,12.744023234750172,12.535589344232587,50.9180564845437,45.76159859584019,-6.47544875391759e-05,0.0940094217658042,0,0,0
4248,148474.4027125597,2010-11-03 07:38:18,2371.190933458518,7,13,-1.099568486213684,3.5432064533233643,12.744023234750172,12.544757657597408,50.9180564845437,45.794097644171885,-6.47544875391759e-05,0.0940094217658042,0,0,0
4249,148504.41799295734,2010-11-03 07:38:48,2401.206213831063,7,13,-1.099568486213684,3.540292501449585,12.744023234750172,12.55392596469724,50.9180564845437,45.82656881988894,-3.237724376958795e-05,0.0940094217658042,0,0,0
4250,148534.43338899862,2010-11-03 07:39:18,2431.221609887373,7,13,-1.099929690361023,3.536892890930176,12.744023234750172,12.563094323351224,50.9180564845437,45.8590116034042,-6.47544875391759e-05,0.0940094217658042,0,0,0
4251,148564.44863423347,2010-11-03 07:39:48,2461.236855107172,7,13,-1.0997490882873535,3.533655166625977,12.744023234750172,12.572262655344396,50.9180564845437,45.89142392654245,-6.47544875391759e-05,0.0940094217658042,0,0,0
4252,148594.46397809449,2010-11-03 07:40:18,2491.252198983231,7,13,-1.0997490882873535,3.5299317836761475,12.744023234750172,12.581430962416295,50.9180564845437,45.92380408111128,-0.0001295089750783,0.0940094217658042,0,0,0
4253,148624.4790929489,2010-11-03 07:40:48,2521.26731382258,7,13,-1.0997490882873535,3.5263702869415283,12.744023234750172,12.590599278308984,50.9180564845437,45.95615158720405,-9.713172767078504e-05,0.0940094217658042,0,0,0
4254,148654.49435037412,2010-11-03 07:41:18,2551.282571247845,7,13,-1.0997490882873535,3.5223231315612797,12.744023234750172,12.599767611299413,50.9180564845437,45.98846527200622,-0.0001618862152099,0.0940094217658042,0,0,0
4255,148684.50963245594,2010-11-03 07:41:48,2581.297853339682,7,13,-1.0997490882873535,3.51859974861145,12.744023234750172,12.608935855244813,50.9180564845437,46.0207429326689,-0.0001295089750783,0.0940094217658042,0,0,0
4256,148714.52489410675,2010-11-03 07:42:18,2611.3131150055333,7,13,-1.099568486213684,3.514552593231201,12.744023234750172,12.618104176509751,50.9180564845437,46.052983927064936,-6.47544875391759e-05,0.0940094217658042,0,0,0
4257,148744.54041162625,2010-11-03 07:42:48,2641.328632499971,7,13,-1.0997490882873535,3.5101819038391118,12.744023234750172,12.627272571354474,50.9180564845437,46.0851864352067,-9.713172767078504e-05,0.0940094217658042,0,0,0
4258,148774.55546050097,2010-11-03 07:43:18,2671.3436813796743,7,13,-1.0997490882873535,3.5058109760284424,12.744023234750172,12.6364408737487,50.9180564845437,46.11734911659051,-9.713172767078504e-05,0.0940094217658042,0,0,0
4259,148804.57072118935,2010-11-03 07:43:48,2701.358942063073,7,13,-1.0997490882873535,3.500954389572144,12.744023234750172,12.645609282002104,50.9180564845437,46.14946976649456,-0.0001295089750783,0.0940094217658042,0,0,0
4260,148834.58599024365,2010-11-03 07:44:18,2731.3742111424285,7,13,-1.099568486213684,3.4959359169006348,12.744023234750172,12.654777648256848,50.9180564845437,46.18154528121938,-0.0001618862152099,0.0940094217658042,0,0,0
4261,148864.60147018437,2010-11-03 07:44:48,2761.389691088139,7,13,-1.099568486213684,3.490431785583496,12.744023234750172,12.663946021582104,50.9180564845437,46.21357197438351,-0.0001618862152099,0.0940094217658042,0,0,0
4262,148894.6165535251,2010-11-03 07:45:18,2791.404774398788,7,13,-1.0997490882873535,3.484118223190308,12.744023234750172,12.67311434550576,50.9180564845437,46.24554537362685,-0.0001942634553415,0.0940094217658042,0,0,0
4263,148924.63181070975,2010-11-03 07:45:48,2821.420031583453,7,13,-1.099568486213684,3.4773190021514893,12.744023234750172,12.68228266864342,50.9180564845437,46.2774583723185,-0.0001618862152099,0.0940094217658042,0,0,0
4264,148954.6470959745,2010-11-03 07:46:18,2851.435316853222,7,13,-1.099568486213684,3.469548463821411,12.744023234750172,12.691450961123865,50.9180564845437,46.309303749461314,-0.0002266406954731,0.0940094217658042,0,0,0
4265,148984.66238157006,2010-11-03 07:46:48,2881.4506024437924,7,13,-1.099568486213684,3.4606447219848637,12.744023234750172,12.700619305959982,50.9180564845437,46.34107229087316,-0.0002266406954731,0.0940094217658042,0,0,0
4266,149014.6776290455,2010-11-03 07:47:18,2911.465849919221,7,13,-1.099568486213684,3.450122117996216,12.744023234750172,12.709787656009846,50.9180564845437,46.37275224559457,-0.0002913951757363,0.0940094217658042,0,0,0
4267,149044.69291495686,2010-11-03 07:47:48,2941.4811358305924,7,13,-1.099568486213684,3.437656879425049,12.744023234750172,12.7189560389524,50.9180564845437,46.404327528535084,-0.0003237724304199,0.0940094217658042,0,0,0
4268,149074.708197159,2010-11-03 07:48:18,2971.4964180327047,7,13,-1.0997490882873535,3.4219541549682617,12.744023234750172,12.728124376840094,50.9180564845437,46.43577624434281,-0.0004856586456298,0.0940094217658042,0,0,0
4269,149104.72345575216,2010-11-03 07:48:48,3001.5116766258857,7,13,-1.099568486213684,3.4031753540039062,12.744023234750172,12.737292731865027,50.9180564845437,46.46706806674745,-0.0005180359003134,0.0940094217658042,0,0,0
4270,149134.73872652574,2010-11-03 07:49:18,3031.52694739947,7,13,-1.0993878841400146,3.378730535507202,12.744023234750172,12.746461101067723,50.9180564845437,46.4981616361651,-0.0007122993702068,0.0940094217658042,0,0,0
4271,149164.7539958457,2010-11-03 07:49:48,3061.5422167194265,7,13,-1.0997490882873535,3.346353530883789,12.744023234750172,12.7556293957832,50.9180564845437,46.52899786297902,-0.001003646873869,0.0940094217658042,0,0,0
4272,149194.76928279467,2010-11-03 07:50:18,3091.557503668387,7,13,-1.0997490882873535,3.3028061389923096,12.744023234750172,12.764797688051209,50.9180564845437,46.5594896851234,-0.0013274669181555,0.0940094217658042,0,0,0
4273,149224.78456206448,2010-11-03 07:50:48,3121.5727829381804,7,13,-1.099568486213684,3.242584705352783,12.744023234750172,12.773966076385548,50.9180564845437,46.58951082362236,-0.0018455028766766,0.0940094217658042,0,0,0
4274,149254.79993218603,2010-11-03 07:51:18,3151.5881530647657,7,13,-1.099568486213684,3.1558139324188232,12.744023234750172,12.783134430699477,50.9180564845437,46.618868319263534,-0.0027196884620934,0.0940094217658042,0,0,0
4275,149284.81510381718,2010-11-03 07:51:48,3181.6033246858506,7,13,-1.099568486213684,3.0183730125427246,12.744023234750172,12.792302778347528,50.9180564845437,46.64722838176796,-0.0046298978850245,0.0940094217658042,0,0,0
4276,149307.33045633094,2010-11-03 07:52:11,3204.118677224688,7,13,-1.099929690361023,2.818120241165161,12.744023234750172,12.799180273839807,50.9180564845437,46.66737511161008,-0.0091627594083547,0.0940094217658042,0,0,0
4277,149316.4242293324,2010-11-03 07:52:20,3213.2124502161164,7,13,-1.0997490882873535,2.699620008468628,12.744023234750172,12.801958011036463,50.9180564845437,46.67504268857205,-0.010781574063003,0.0940094217658042,0,0,0
4278,149376.43723487586,2010-11-03 07:53:20,60.014798685565125,8,13,0.0,3.3316218852996826,12.744023234750172,12.801958011036463,50.9180564845437,46.67504268857205,0.0012950897216796,0.0940094217658042,0,0,0
4279,149376.62368227675,2010-11-03 07:53:20,0.187536299455179,9,13,-1.9243103452026844e-05,3.3316218852996826,12.744023234750172,12.801958012038904,50.9180564845437,46.6750426919118,0.0,0.0931989923119545,0,0,0
4280,149381.4517105531,2010-11-03 07:53:25,5.015564460518756,9,13,0.0007031940040178,3.3393924236297607,12.74402399156392,12.801958012122553,50.91805900937107,46.67504269219049,0.0011008263099938,0.0931989923119545,0,0,0
