Data_Point,Test_Time(s),Date_Time,Step_Time(s),Step_Index,Cycle_Index,Current(A),Voltage(V),Charge_Capacity(Ah),Discharge_Capacity(Ah),Charge_Energy(Wh),Discharge_Energy(Wh),dV/dt(V/s),Internal_Resistance(Ohm),Is_FC_Data,AC_Impedance(Ohm),ACI_Phase_Angle(Deg)
14937,505634.8010811558,2010-09-20 10:25:19,30.01531598143057,1,44,0.0,3.4387900829315186,44.13084748512826,44.26581149508366,175.68385534777187,162.12745394457738,0.0008418083307333,0.0884163826704025,0,0,0
14938,505664.8165393071,2010-09-20 10:25:49,60.03077422296425,1,44,0.0,3.4633967876434326,44.13084748512826,44.26581149508366,175.68385534777187,162.12745394457738,0.0005827903514727,0.0884163826704025,0,0,0
14939,505694.8316202067,2010-09-20 10:26:19,90.0458551225945,1,44,0.0,3.481851816177368,44.13084748512826,44.26581149508366,175.68385534777187,162.12745394457738,0.0004209041653666,0.0884163826704025,0,0,0
14940,505724.8001735914,2010-09-20 10:26:49,120.01440844222694,1,44,0.0,3.4964215755462646,44.13084748512826,44.26581149508366,175.68385534777187,162.12745394457738,0.0003885269106831,0.0884163826704025,0,0,0
14941,505754.8021188904,2010-09-20 10:27:19,30.01527572594669,2,44,0.5501165986061096,3.6324055194854736,44.13543420425556,44.26581149508366,175.70037960765984,162.12745394457738,0.0013598442310467,0.0884163826704025,0,0,0
14942,505784.81740350847,2010-09-20 10:27:49,60.03056033907716,2,44,0.5501165986061096,3.672067642211914,44.14002086118799,44.26581149508366,175.7171365196824,162.12745394457738,0.0009389400365762,0.0884163826704025,0,0,0
14943,505814.8326893096,2010-09-20 10:28:19,90.04584614518548,2,44,0.5501165986061096,3.700397491455078,44.144607544907366,44.26581149508366,175.7340466833618,162.12745394457738,0.0006799221155233,0.0884163826704025,0,0,0
14944,505844.8479715017,2010-09-20 10:28:49,120.0611283623352,2,44,0.5501165986061096,3.7227377891540527,44.14919420398586,44.26581149508366,175.7510720593567,162.12745394457738,0.0005180359003134,0.0884163826704025,0,0,0
14945,505874.8632394834,2010-09-20 10:29:19,150.0763963138758,2,44,0.5501165986061096,3.740059614181519,44.15378088439503,44.26581149508366,175.76818849485036,162.12745394457738,0.0003561496851034,0.0884163826704025,0,0,0
14946,505904.87851151504,2010-09-20 10:29:49,180.09166835061365,2,44,0.5501165986061096,3.753657817840576,44.15836749618075,44.26581149508366,175.78537608572432,162.12745394457738,0.0002913475036621,0.0884163826704025,0,0,0
14947,505934.8938014464,2010-09-20 10:30:19,210.10695827700684,2,44,0.5501165986061096,3.762399673461914,44.16295414737446,44.26581149508366,175.8026144190163,162.12745394457738,0.0001942634553415,0.0884163826704025,0,0,0
14948,505964.90906486666,2010-09-20 10:30:49,240.12222169723657,2,44,0.550297200679779,3.767418146133423,44.167540832030426,44.26581149508366,175.81988356429738,162.12745394457738,0.0001295089750783,0.0884163826704025,0,0,0
14949,505994.9243442768,2010-09-20 10:31:19,270.1375011123921,2,44,0.5501165986061096,3.771141529083252,44.17212752836223,44.26581149508366,175.8371725180592,162.12745394457738,9.713172767078504e-05,0.0884163826704025,0,0,0
14950,506024.9397645285,2010-09-20 10:31:49,300.1529213640973,2,44,0.5501165986061096,3.774703025817871,44.17671419150771,44.26581149508366,175.85447763419788,162.12745394457738,6.47544875391759e-05,0.0884163826704025,0,0,0
14951,506054.9552918676,2010-09-20 10:32:19,330.16844873318394,2,44,0.5499359965324402,3.7779407501220703,44.18130095784905,44.26581149508366,175.8717984802633,162.12745394457738,9.713172767078504e-05,0.0884163826704025,0,0,0
14952,506084.97085245454,2010-09-20 10:32:50,360.18400938033784,2,44,0.5499359965324402,3.7811784744262695,44.18588762864102,44.26581149508366,175.8891341539623,162.12745394457738,6.47544875391759e-05,0.0884163826704025,0,0,0
14953,506114.9859330434,2010-09-20 10:33:20,390.19908988899215,2,44,0.550297200679779,3.784578084945679,44.19047424910666,44.26581149508366,175.9064846071912,162.12745394457738,9.713172767078504e-05,0.0884163826704025,0,0,0
14954,506145.0007503351,2010-09-20 10:33:50,420.2139071655788,2,44,0.5501165986061096,3.787653923034668,44.195060839241634,44.26581149508366,175.92384985067852,162.12745394457738,6.47544875391759e-05,0.0884163826704025,0,0,0
14955,506175.0160461863,2010-09-20 10:34:20,450.22920301676106,2,44,0.5501165986061096,3.790891647338867,44.19964757958315,44.26581149508366,175.9412304415184,162.12745394457738,9.713172767078504e-05,0.0884163826704025,0,0,0
14956,506205.0312952857,2010-09-20 10:34:50,480.2444521312816,2,44,0.5501165986061096,3.793967485427856,44.20423425395032,44.26581149508366,175.95862521161672,162.12745394457738,6.47544875391759e-05,0.0884163826704025,0,0,0
14957,506235.0465700693,2010-09-20 10:35:20,510.2597269048509,2,44,0.550297200679779,3.797205209732056,44.20882100093248,44.26581149508366,175.9760347550823,162.12745394457738,6.47544875391759e-05,0.0884163826704025,0,0,0
14958,506265.0618855495,2010-09-20 10:35:50,540.2750424100929,2,44,0.5499359965324402,3.800119161605835,44.21340759997175,44.26581149508366,175.9934579524175,162.12745394457738,3.237724376958795e-05,0.0884163826704025,0,0,0
14959,506295.0771500574,2010-09-20 10:36:20,570.2903068979876,2,44,0.5501165986061096,3.803194999694824,44.21799425459002,44.26581149508366,176.010895504677,162.12745394457738,6.47544875391759e-05,0.0884163826704025,0,0,0
14960,506325.0924043449,2010-09-20 10:36:50,600.3055611753955,2,44,0.5499359965324402,3.806432723999024,44.22258093996382,44.26581149508366,176.02834729720362,162.12745394457738,9.713172767078504e-05,0.0884163826704025,0,0,0
14961,506355.1076816197,2010-09-20 10:37:20,630.3208384602334,2,44,0.5501165986061096,3.8095085620880127,44.22716769561316,44.26581149508366,176.0458135110729,162.12745394457738,9.713172767078504e-05,0.0884163826704025,0,0,0
14962,506385.1230867687,2010-09-20 10:37:50,660.3362436042274,2,44,0.5501165986061096,3.812746286392212,44.23175450108038,44.26581149508366,176.06329417695852,162.12745394457738,0.0001295089750783,0.0884163826704025,0,0,0
14963,506415.1382681792,2010-09-20 10:38:20,690.3514250097359,2,44,0.5501165986061096,3.815984010696411,44.23634113124268,44.26581149508366,176.08078902141483,162.12745394457738,9.713172767078504e-05,0.0884163826704025,0,0,0
14964,506445.15370076674,2010-09-20 10:38:50,720.3668576022457,2,44,0.5501165986061096,3.8192217350006095,44.24092779996594,44.26581149508366,176.09829856959996,162.12745394457738,0.0001295089750783,0.0884163826704025,0,0,0
14965,506475.1687944332,2010-09-20 10:39:20,750.3819512938064,2,44,0.5501165986061096,3.8222975730896,44.245514416921694,44.26581149508366,176.11582292918018,162.12745394457738,6.47544875391759e-05,0.0884163826704025,0,0,0
14966,506505.18416272016,2010-09-20 10:39:50,780.3973195657621,2,44,0.5501165986061096,3.8258590698242183,44.25010109558601,44.26581149508366,176.13336299230312,162.12745394457738,9.713172767078504e-05,0.0884163826704025,0,0,0
14967,506535.19939221576,2010-09-20 10:40:20,810.4125490512857,2,44,0.5499359965324402,3.829258680343628,44.25468779877468,44.26581149508366,176.150918909929,162.12745394457738,9.713172767078504e-05,0.0884163826704025,0,0,0
14968,506565.2146699667,2010-09-20 10:40:50,840.4278268072999,2,44,0.550297200679779,3.832820177078247,44.25927452404845,44.26581149508366,176.1684908004524,162.12745394457738,9.713172767078504e-05,0.0884163826704025,0,0,0
14969,506595.22993383306,2010-09-20 10:41:20,870.4430906686306,2,44,0.550297200679779,3.836219549179077,44.26386120781759,44.26581149508366,176.1860782368571,162.12745394457738,6.47544875391759e-05,0.0884163826704025,0,0,0
14970,506625.2452165415,2010-09-20 10:41:50,900.4583733770065,2,44,0.550297200679779,3.8396191596984863,44.26844789112421,44.26581149508366,176.20368135889188,162.12745394457738,9.713172767078504e-05,0.0884163826704025,0,0,0
14971,506655.2605152347,2010-09-20 10:42:20,930.4736720702832,2,44,0.5501165986061096,3.8428568840026855,44.27303457256514,44.26581149508366,176.22129997200037,162.12745394457738,6.47544875391759e-05,0.0884163826704025,0,0,0
14972,506685.2763835698,2010-09-20 10:42:50,960.4895404555988,2,44,0.5501165986061096,3.8460946083068848,44.277621398421765,44.26581149508366,176.23893428001196,162.12745394457738,9.713172767078504e-05,0.0884163826704025,0,0,0
14973,506715.291051604,2010-09-20 10:43:20,990.504208439528,2,44,0.5501165986061096,3.849332332611084,44.282207985500825,44.26581149508366,176.25658256887365,162.12745394457738,6.47544875391759e-05,0.0884163826704025,0,0,0
14974,506745.3063416606,2010-09-20 10:43:50,1020.5194984962465,2,44,0.5501165986061096,3.852570056915283,44.28679465771051,44.26581149508366,176.2742457639394,162.12745394457738,9.713172767078504e-05,0.0884163826704025,0,0,0
14975,506775.32162203325,2010-09-20 10:44:20,1050.5347788687916,2,44,0.5501165986061096,3.8554840087890634,44.29138135566462,44.26581149508366,176.29192322648692,162.12745394457738,6.47544875391759e-05,0.0884163826704025,0,0,0
14976,506805.3368834334,2010-09-20 10:44:50,1080.550040268979,2,44,0.5501165986061096,3.858559846878052,44.29596799676354,44.26581149508366,176.30961452905728,162.12745394457738,3.237724376958795e-05,0.0884163826704025,0,0,0
14977,506835.3521616656,2010-09-20 10:45:20,1110.565318501182,2,44,0.5501165986061096,3.861635684967041,44.3005546974984,44.26581149508366,176.32731957043669,162.12745394457738,0.0001295089750783,0.0884163826704025,0,0,0
14978,506865.36743516097,2010-09-20 10:45:50,1140.5805919965603,2,44,0.550297200679779,3.8643877506256095,44.30514134163239,44.26581149508366,176.3450374196705,162.12745394457738,9.713172767078504e-05,0.0884163826704025,0,0,0
14979,506895.382751799,2010-09-20 10:46:20,1170.595908659693,2,44,0.550297200679779,3.8669779300689697,44.30972802749525,44.26581149508366,176.36276793560313,162.12745394457738,0.0,0.0884163826704025,0,0,0
14980,506925.397983851,2010-09-20 10:46:50,1200.6111406915722,2,44,0.5499359965324402,3.869568109512329,44.3143146837754,44.26581149508366,176.38051018325706,162.12745394457738,9.713172767078504e-05,0.0884163826704025,0,0,0
14981,506955.4133920977,2010-09-20 10:47:20,1230.626548938311,2,44,0.5501165986061096,3.8716726303100586,44.31890136769526,44.26581149508366,176.39826369927874,162.12745394457738,3.237724376958795e-05,0.0884163826704025,0,0,0
14982,506985.4285432678,2010-09-20 10:47:50,1260.6417001033349,2,44,0.5501165986061096,3.873939037322998,44.32348802504616,44.26581149508366,176.41602757734083,162.12745394457738,6.47544875391759e-05,0.0884163826704025,0,0,0
14983,507015.44414289726,2010-09-20 10:48:20,1290.6572998280324,2,44,0.5501165986061096,3.876043558120728,44.32807474528927,44.26581149508366,176.43380138843128,162.12745394457738,6.47544875391759e-05,0.0884163826704025,0,0,0
14984,507045.45911594765,2010-09-20 10:48:50,1320.6722727832166,2,44,0.550297200679779,3.878148078918457,44.33266134020132,44.26581149508366,176.4515839134313,162.12745394457738,6.47544875391759e-05,0.0884163826704025,0,0,0
14985,507075.4743670221,2010-09-20 10:49:20,1350.6875238576292,2,44,0.5501165986061096,3.8797669410705566,44.33724804666738,44.26581149508366,176.46937540299666,162.12745394457738,3.237724376958795e-05,0.0884163826704025,0,0,0
14986,507105.489663976,2010-09-20 10:49:50,1380.7028208115644,2,44,0.5501165986061096,3.881547689437866,44.34183474790056,44.26581149508366,176.48717478234943,162.12745394457738,3.237724376958795e-05,0.0884163826704025,0,0,0
14987,507135.50497752137,2010-09-20 10:50:20,1410.7181344521518,2,44,0.5497553944587708,3.882842779159546,44.34642148815826,44.26581149508366,176.5049816582346,162.12745394457738,3.237724376958795e-05,0.0884163826704025,0,0,0
14988,507165.5205407398,2010-09-20 10:50:50,1440.7336976957868,2,44,0.550297200679779,3.8844616413116455,44.351008253390525,44.26581149508366,176.52279548787882,162.12745394457738,3.237724376958795e-05,0.0884163826704025,0,0,0
14989,507195.5354460864,2010-09-20 10:51:20,1470.7486030371967,2,44,0.5501165986061096,3.885756731033325,44.355594885628285,44.26581149508366,176.5406149358956,162.12745394457738,3.237724376958795e-05,0.0884163826704025,0,0,0
14990,507225.55071496015,2010-09-20 10:51:50,1500.7638717957516,2,44,0.5501165986061096,3.887213706970215,44.36018149398559,44.26581149508366,176.55844036086444,162.12745394457738,6.47544875391759e-05,0.0884163826704025,0,0,0
14991,507255.56602185394,2010-09-20 10:52:20,1530.779178709548,2,44,0.5499359965324402,3.8881850242614746,44.36476814394842,44.26581149508366,176.57627175411687,162.12745394457738,-3.237724376958795e-05,0.0884163826704025,0,0,0
14992,507285.5813858001,2010-09-20 10:52:50,1560.794542635656,2,44,0.550297200679779,3.8894801139831534,44.36935482242801,44.26581149508366,176.59410889728048,162.12745394457738,0.0,0.0884163826704025,0,0,0
14993,507315.5965667495,2010-09-20 10:53:20,1590.8097236100882,2,44,0.5501165986061096,3.890775203704834,44.37394160609976,44.26581149508366,176.61195204750024,162.12745394457738,6.47544875391759e-05,0.0884163826704025,0,0,0
14994,507345.6118187512,2010-09-20 10:53:50,1620.824975586753,2,44,0.550297200679779,3.8920702934265137,44.378528257635686,44.26581149508366,176.6298000731911,162.12745394457738,6.47544875391759e-05,0.0884163826704025,0,0,0
14995,507375.6271114996,2010-09-20 10:54:20,1650.8402683351906,2,44,0.550297200679779,3.893041610717773,44.38311498883395,44.26581149508366,176.64765373763098,162.12745394457738,3.237724376958795e-05,0.0884163826704025,0,0,0
14996,507405.6425012052,2010-09-20 10:54:50,1680.855658050673,2,44,0.5499359965324402,3.894012928009033,44.38770167805159,44.26581149508366,176.66551250480518,162.12745394457738,3.237724376958795e-05,0.0884163826704025,0,0,0
14997,507435.6576595931,2010-09-20 10:55:20,1710.870816428701,2,44,0.550297200679779,3.895146131515503,44.39228840686596,44.26581149508366,176.68337636848855,162.12745394457738,6.47544875391759e-05,0.0884163826704025,0,0,0
14998,507465.6729145472,2010-09-20 10:55:50,1740.8860713827978,2,44,0.550297200679779,3.896441221237183,44.39687510500579,44.26581149508366,176.70124521975572,162.12745394457738,3.237724376958795e-05,0.0884163826704025,0,0,0
14999,507495.68819592224,2010-09-20 10:56:20,1770.9013527578456,2,44,0.550297200679779,3.8974125385284415,44.40146176900937,44.26581149508366,176.71911928978295,162.12745394457738,0.0,0.0884163826704025,0,0,0
15000,507525.7034960792,2010-09-20 10:56:50,1800.916653025051,2,44,0.5501165986061096,3.898545742034912,44.40604840450176,44.26581149508366,176.7369984810023,162.12745394457738,0.0,0.0884163826704025,0,0,0
15001,507555.7187291086,2010-09-20 10:57:20,1830.9318859441453,2,44,0.5499359965324402,3.899678945541382,44.41063513890381,44.26581149508366,176.75488349475685,162.12745394457738,-3.237724376958795e-05,0.0884163826704025,0,0,0
15002,507585.73412671377,2010-09-20 10:57:50,1860.947283559346,2,44,0.5501165986061096,3.9009740352630615,44.4152218372258,44.26581149508366,176.7727736113196,162.12745394457738,3.237724376958795e-05,0.0884163826704025,0,0,0
15003,507615.74945241946,2010-09-20 10:58:20,1890.962609255025,2,44,0.5501165986061096,3.902269124984741,44.41980844967117,44.26581149508366,176.79066884906152,162.12745394457738,6.47544875391759e-05,0.0884163826704025,0,0,0
15004,507645.764557745,2010-09-20 10:58:50,1920.9777145806263,2,44,0.5501165986061096,3.903402328491211,44.42439509234605,44.26581149508366,176.8085696538343,162.12745394457738,6.47544875391759e-05,0.0884163826704025,0,0,0
15005,507675.7798312153,2010-09-20 10:59:20,1950.9929880509424,2,44,0.5501165986061096,3.90469741821289,44.42898178400914,44.26581149508366,176.82647618002022,162.12745394457738,3.237724376958795e-05,0.0884163826704025,0,0,0
15006,507705.7951010466,2010-09-20 10:59:50,1981.008257882175,2,44,0.550297200679779,3.9059925079345694,44.43356847125983,44.26581149508366,176.8443881501773,162.12745394457738,3.237724376958795e-05,0.0884163826704025,0,0,0
15007,507735.81042258686,2010-09-20 11:00:20,2011.023579447544,2,44,0.5501165986061096,3.90696382522583,44.43815509830994,44.26581149508366,176.86230551906507,162.12745394457738,0.0,0.0884163826704025,0,0,0
15008,507765.82564709504,2010-09-20 11:00:50,2041.0388039305808,2,44,0.5501165986061096,3.9082589149475098,44.44274171666004,44.26581149508366,176.88022846303258,162.12745394457738,3.237724376958795e-05,0.0884163826704025,0,0,0
15009,507795.84091252525,2010-09-20 11:01:20,2071.054069360828,2,44,0.550297200679779,3.9095540046691895,44.44732853441178,44.26581149508366,176.8981579337175,162.12745394457738,3.237724376958795e-05,0.0884163826704025,0,0,0
15010,507825.8563226367,2010-09-20 11:01:50,2101.069479472221,2,44,0.550297200679779,3.910849094390869,44.45191595463379,44.26581149508366,176.91609541466403,162.12745394457738,6.47544875391759e-05,0.0884163826704025,0,0,0
15011,507855.8716022172,2010-09-20 11:02:20,2131.084759052789,2,44,0.5501165986061096,3.911982297897339,44.45650331137914,44.26581149508366,176.93403839229177,162.12745394457738,3.237724376958795e-05,0.0884163826704025,0,0,0
15012,507885.8867394074,2010-09-20 11:02:50,2161.099896247942,2,44,0.550297200679779,3.9132773876190186,44.46109062922083,44.26581149508366,176.95198706921948,162.12745394457738,3.237724376958795e-05,0.0884163826704025,0,0,0
15013,507915.90200997546,2010-09-20 11:03:20,2191.115166811001,2,44,0.5501165986061096,3.914572238922119,44.46567787320898,44.26581149508366,176.96994141852196,162.12745394457738,3.237724376958795e-05,0.0884163826704025,0,0,0
15014,507945.9173148491,2010-09-20 11:03:50,2221.130471709768,2,44,0.550297200679779,3.915867328643799,44.47026451486974,44.26581149508366,176.9878993006209,162.12745394457738,3.237724376958795e-05,0.0884163826704025,0,0,0
15015,507975.932908644,2010-09-20 11:04:20,2251.146065479601,2,44,0.5501165986061096,3.9171624183654794,44.47485119601567,44.26581149508366,177.00586338155705,162.12745394457738,0.0,0.0884163826704025,0,0,0
15016,508005.94801914255,2010-09-20 11:04:51,2281.161176078365,2,44,0.5501165986061096,3.918619394302368,44.47943772991607,44.26581149508366,177.02383302417672,162.12745394457738,3.237724376958795e-05,0.0884163826704025,0,0,0
15017,508035.9631117063,2010-09-20 11:05:21,2311.176268571935,2,44,0.5499359965324402,3.919752597808838,44.48402424053779,44.26581149508366,177.04180880965657,162.12745394457738,-3.237724376958795e-05,0.0884163826704025,0,0,0
15018,508065.9783784899,2010-09-20 11:05:51,2341.191535325486,2,44,0.5499359965324402,3.9210476875305176,44.48861078061417,44.26581149508366,177.0597908592083,162.12745394457738,0.0,0.0884163826704025,0,0,0
15019,508095.9936767822,2010-09-20 11:06:21,2371.206833612749,2,44,0.5501165986061096,3.922666549682617,44.49319739928942,44.26581149508366,177.0777794890473,162.12745394457738,3.237724376958795e-05,0.0884163826704025,0,0,0
15020,508126.008941235,2010-09-20 11:06:51,2401.2220981006435,2,44,0.5501165986061096,3.923961639404297,44.49778402403639,44.26581149508366,177.0957744140549,162.12745394457738,6.47544875391759e-05,0.0884163826704025,0,0,0
15021,508156.0242145399,2010-09-20 11:07:21,2431.237371400535,2,44,0.5501165986061096,3.9254186153411865,44.50237063713324,44.26581149508366,177.11377564714934,162.12745394457738,0.0,0.0884163826704025,0,0,0
15022,508186.0394446972,2010-09-20 11:07:51,2461.2526015376843,2,44,0.550297200679779,3.926875591278076,44.50695729564838,44.26581149508366,177.13178335645833,162.12745394457738,3.237724376958795e-05,0.0884163826704025,0,0,0
15023,508216.0547777712,2010-09-20 11:08:21,2491.2679346067684,2,44,0.5499359965324402,3.928170680999756,44.51154391458522,44.26581149508366,177.14979749940292,162.12745394457738,3.237724376958795e-05,0.0884163826704025,0,0,0
15024,508246.070039432,2010-09-20 11:08:51,2521.2831962676064,2,44,0.5499359965324402,3.9296276569366455,44.51613052471084,44.26581149508366,177.1678181170892,162.12745394457738,3.237724376958795e-05,0.0884163826704025,0,0,0
15025,508276.0853375038,2010-09-20 11:09:21,2551.2984944295567,2,44,0.5501165986061096,3.931246519088745,44.52071715138101,44.26581149508366,177.18584551092923,162.12745394457738,3.237724376958795e-05,0.0884163826704025,0,0,0
15026,508306.10058862827,2010-09-20 11:09:51,2581.313745493944,2,44,0.5499359965324402,3.932541608810425,44.52530376072482,44.26581149508366,177.20387947102222,162.12745394457738,3.237724376958795e-05,0.0884163826704025,0,0,0
15027,508336.1158708855,2010-09-20 11:10:21,2611.329027751194,2,44,0.5501165986061096,3.934160470962525,44.52989038894098,44.26581149508366,177.22192029839889,162.12745394457738,6.47544875391759e-05,0.0884163826704025,0,0,0
15028,508366.1312778792,2010-09-20 11:10:51,2641.344434719743,2,44,0.5501165986061096,3.935779333114624,44.53447699578704,44.26581149508366,177.2399679024634,162.12745394457738,6.47544875391759e-05,0.0884163826704025,0,0,0
15029,508396.1464085931,2010-09-20 11:11:21,2671.359565428705,2,44,0.5501165986061096,3.9369125366210938,44.53906361275158,44.26581149508366,177.25802229514966,162.12745394457738,0.0,0.0884163826704025,0,0,0
15030,508426.16169768746,2010-09-20 11:11:51,2701.374854523021,2,44,0.5501165986061096,3.9386932849884033,44.54365015785539,44.26581149508366,177.27608340660868,162.12745394457738,0.0,0.0884163826704025,0,0,0
15031,508456.1769567469,2010-09-20 11:12:21,2731.3901136124405,2,44,0.5501165986061096,3.940150260925293,44.54823674526726,44.26581149508366,177.29415163854685,162.12745394457738,3.237724376958795e-05,0.0884163826704025,0,0,0
15032,508486.19221290393,2010-09-20 11:12:51,2761.405369764528,2,44,0.5501165986061096,3.941607236862183,44.5528233459744,44.26581149508366,177.31222701849526,162.12745394457738,6.47544875391759e-05,0.0884163826704025,0,0,0
15033,508516.20749325136,2010-09-20 11:13:21,2791.420650086948,2,44,0.550297200679779,3.943226099014282,44.55740989862678,44.26581149508366,177.33030926238007,162.12745394457738,3.237724376958795e-05,0.0884163826704025,0,0,0
15034,508546.2227610927,2010-09-20 11:13:51,2821.4359179282133,2,44,0.5501165986061096,3.944683074951172,44.56199643996289,44.26581149508366,177.3483986282281,162.12745394457738,0.0,0.0884163826704025,0,0,0
15035,508576.23805847263,2010-09-20 11:14:21,2851.451215333274,2,44,0.5501165986061096,3.9464638233184814,44.56658306747558,44.26581149508366,177.36649561038593,162.12745394457738,6.47544875391759e-05,0.0884163826704025,0,0,0
15036,508606.2534140929,2010-09-20 11:14:51,2881.4665709335995,2,44,0.550297200679779,3.947920799255371,44.57116972780648,44.26581149508366,177.38459983516486,162.12745394457738,3.237724376958795e-05,0.0884163826704025,0,0,0
15037,508636.2687151973,2010-09-20 11:15:21,2911.4818720328826,2,44,0.550297200679779,3.949539661407471,44.57575642268088,44.26581149508366,177.40271155559552,162.12745394457738,3.237724376958795e-05,0.0884163826704025,0,0,0
15038,508666.2838190543,2010-09-20 11:15:51,2941.4969758948296,2,44,0.550297200679779,3.95132040977478,44.5803430097147,44.26581149508366,177.42083031447396,162.12745394457738,9.713172767078504e-05,0.0884163826704025,0,0,0
15039,508696.299111151,2010-09-20 11:16:21,2971.512267986628,2,44,0.5499359965324402,3.95277738571167,44.58492958695374,44.26581149508366,177.43895653246994,162.12745394457738,0.0,0.0884163826704025,0,0,0
15040,508726.31449458585,2010-09-20 11:16:51,3001.5276514464954,2,44,0.5501165986061096,3.9543962478637695,44.58951614419239,44.26581149508366,177.45709016493308,162.12745394457738,3.237724376958795e-05,0.0884163826704025,0,0,0
15041,508756.32965828216,2010-09-20 11:17:21,3031.5428151127235,2,44,0.5501165986061096,3.956015110015869,44.594102730690295,44.26581149508366,177.4752314888472,162.12745394457738,0.0,0.0884163826704025,0,0,0
15042,508786.3450855814,2010-09-20 11:17:51,3061.558242447109,2,44,0.5499359965324402,3.9577958583831783,44.59868939001947,44.26581149508366,177.49338075238424,162.12745394457738,6.47544875391759e-05,0.0884163826704025,0,0,0
15043,508816.360228947,2010-09-20 11:18:21,3091.573385812663,2,44,0.5499359965324402,3.9594147205352783,44.60327599748218,44.26581149508366,177.51153749774838,162.12745394457738,3.237724376958795e-05,0.0884163826704025,0,0,0
15044,508846.3755885172,2010-09-20 11:18:51,3121.588745362848,2,44,0.5501165986061096,3.961195468902588,44.60786266091204,44.26581149508366,177.5297022532287,162.12745394457738,6.47544875391759e-05,0.0884163826704025,0,0,0
15045,508876.39073238405,2010-09-20 11:19:21,3151.603889244692,2,44,0.550297200679779,3.9631381034851074,44.61244931509219,44.26581149508366,177.54787485885444,162.12745394457738,9.713172767078504e-05,0.0884163826704025,0,0,0
15046,508906.40615092654,2010-09-20 11:19:51,3181.61930776708,2,44,0.550297200679779,3.964756965637207,44.61703599079895,44.26581149508366,177.56605550351054,162.12745394457738,6.47544875391759e-05,0.0884163826704025,0,0,0
15047,508936.4213304423,2010-09-20 11:20:21,3211.634487277859,2,44,0.5499359965324402,3.966375827789306,44.62162258870135,44.26581149508366,177.58424380403278,162.12745394457738,6.47544875391759e-05,0.0884163826704025,0,0,0
15048,508966.4365614567,2010-09-20 11:20:51,3241.649718387436,2,44,0.5501165986061096,3.968156576156616,44.626209268431616,44.26581149508366,177.60244050605422,162.12745394457738,0.0,0.0884163826704025,0,0,0
15049,508996.4518484507,2010-09-20 11:21:21,3271.665005316348,2,44,0.5501165986061096,3.969775438308716,44.63079586704086,44.26581149508366,177.62064504550935,162.12745394457738,0.0,0.0884163826704025,0,0,0
15050,509026.4671105275,2010-09-20 11:21:51,3301.6802673631487,2,44,0.5501165986061096,3.971879959106445,44.63538248086813,44.26581149508366,177.63885795926245,162.12745394457738,6.47544875391759e-05,0.0884163826704025,0,0,0
15051,509056.48239187256,2010-09-20 11:22:21,3331.695548708122,2,44,0.5499359965324402,3.973498821258545,44.63996920133072,44.26581149508366,177.6570796823611,162.12745394457738,0.0,0.0884163826704025,0,0,0
15052,509086.49823312514,2010-09-20 11:22:51,3361.71139016121,2,44,0.5501165986061096,3.975441455841065,44.64455596515742,44.26581149508366,177.67531005334115,162.12745394457738,6.47544875391759e-05,0.0884163826704025,0,0,0
15053,509116.5129501164,2010-09-20 11:23:21,3391.7261070472064,2,44,0.5501165986061096,3.977222204208374,44.64914260147799,44.26581149508366,177.693548533566,162.12745394457738,3.237724376958795e-05,0.0884163826704025,0,0,0
15054,509146.5282006494,2010-09-20 11:23:51,3421.7413576003178,2,44,0.5501165986061096,3.979326725006104,44.653729220400685,44.26581149508366,177.71179510629736,162.12745394457738,9.713172767078504e-05,0.0884163826704025,0,0,0
15055,509176.54352106695,2010-09-20 11:24:21,3451.7566779225835,2,44,0.550297200679779,3.981269359588623,44.65831581926146,44.26581149508366,177.73005085736557,162.12745394457738,6.47544875391759e-05,0.0884163826704025,0,0,0
15056,509206.5587490888,2010-09-20 11:24:51,3481.771906044704,2,44,0.5501165986061096,3.983211994171143,44.662902416254056,44.26581149508366,177.74831541686186,162.12745394457738,6.47544875391759e-05,0.0884163826704025,0,0,0
15057,509236.5740405642,2010-09-20 11:25:21,3511.7871974197133,2,44,0.5501165986061096,3.984992742538452,44.66748898747821,44.26581149508366,177.76658875739375,162.12745394457738,3.237724376958795e-05,0.0884163826704025,0,0,0
15058,509266.5892746461,2010-09-20 11:25:51,3541.8024315067228,2,44,0.5501165986061096,3.9870972633361816,44.6720754819456,44.26581149508366,177.78487081491062,162.12745394457738,6.47544875391759e-05,0.0884163826704025,0,0,0
15059,509296.60462347954,2010-09-20 11:26:21,3571.817780410332,2,44,0.5501165986061096,3.989039897918701,44.67666208626834,44.26581149508366,177.8031623842917,162.12745394457738,3.237724376958795e-05,0.0884163826704025,0,0,0
15060,509326.6200879316,2010-09-20 11:26:51,3601.8332447972057,2,44,0.5501165986061096,3.991144418716431,44.68124865991277,44.26581149508366,177.82146301835888,162.12745394457738,9.713172767078504e-05,0.0884163826704025,0,0,0
15061,509356.6351029868,2010-09-20 11:27:21,3631.848259832427,2,44,0.550297200679779,3.99308705329895,44.68583520005276,44.26581149508366,177.8397728143823,162.12745394457738,3.237724376958795e-05,0.0884163826704025,0,0,0
15062,509386.65050040657,2010-09-20 11:27:51,3661.8636572671785,2,44,0.550297200679779,3.995353221893311,44.690421785551145,44.26581149508366,177.85809210415775,162.12745394457738,0.0001295089750783,0.0884163826704025,0,0,0
15063,509416.6656733409,2010-09-20 11:28:21,3691.8788302065545,2,44,0.5501165986061096,3.99729585647583,44.69500835821989,44.26581149508366,177.8764207979739,162.12745394457738,6.47544875391759e-05,0.0884163826704025,0,0,0
15064,509446.6809052575,2010-09-20 11:28:51,3721.8940621231454,2,44,0.5501165986061096,3.9992384910583496,44.699594977502,44.26581149508366,177.89475911871708,162.12745394457738,6.47544875391759e-05,0.0884163826704025,0,0,0
15065,509476.69646950864,2010-09-20 11:29:21,3751.909626534696,2,44,0.5501165986061096,4.001343250274658,44.7041815760921,44.26581149508366,177.91310700266652,162.12745394457738,6.47544875391759e-05,0.0884163826704025,0,0,0
15066,509506.71145701513,2010-09-20 11:29:51,3781.9246138808026,2,44,0.5499359965324402,4.003447532653809,44.70876804489932,44.26581149508366,177.93146420622455,162.12745394457738,0.0,0.0884163826704025,0,0,0
15067,509536.72684999375,2010-09-20 11:30:21,3811.9400069446415,2,44,0.5501165986061096,4.005876064300537,44.71335464104384,44.26581149508366,177.94983174328885,162.12745394457738,6.47544875391759e-05,0.0884163826704025,0,0,0
15068,509566.7420218505,2010-09-20 11:30:51,3841.9551787010655,2,44,0.550297200679779,4.007980346679688,44.71794119394577,44.26581149508366,177.96820904449947,162.12745394457738,9.70840483205393e-05,0.0884163826704025,0,0,0
15069,509596.7572792155,2010-09-20 11:31:21,3871.9704360511423,2,44,0.5501165986061096,4.010085105895996,44.72252779629596,44.26581149508366,177.98659651432632,162.12745394457738,6.47544875391759e-05,0.0884163826704025,0,0,0
15070,509626.7725719189,2010-09-20 11:31:51,3901.985728754468,2,44,0.5501165986061096,4.0121893882751465,44.727114322018814,44.26581149508366,178.00499367143172,162.12745394457738,6.47544875391759e-05,0.0884163826704025,0,0,0
15071,509656.7878434544,2010-09-20 11:32:21,3932.0010002899553,2,44,0.5501165986061096,4.014294147491455,44.73170088195713,44.26581149508366,178.02340101861955,162.12745394457738,3.24249267578125e-05,0.0884163826704025,0,0,0
15072,509686.80311965646,2010-09-20 11:32:51,3962.0162765221658,2,44,0.5499359965324402,4.0165605545043945,44.73628748905426,44.26581149508366,178.0418186648193,162.12745394457738,3.24249267578125e-05,0.0884163826704025,0,0,0
15073,509716.80516027566,2010-09-20 11:33:21,3992.018317301649,2,44,0.5499359965324402,4.018826961517334,44.74087211843375,44.26581149508366,178.06023851393593,162.12745394457738,6.47544875391759e-05,0.0884163826704025,0,0,0
15074,509746.8181022612,2010-09-20 11:33:51,4022.0312591919824,2,44,0.5499359965324402,4.021093368530273,44.74545832488809,44.26581149508366,178.078674802339,162.12745394457738,6.47544875391759e-05,0.0884163826704025,0,0,0
15075,509776.8208345017,2010-09-20 11:34:21,4052.03399139236,2,44,0.5501165986061096,4.023359775543213,44.750042914320105,44.26581149508366,178.09711501916175,162.12745394457738,6.47544875391759e-05,0.0884163826704025,0,0,0
15076,509806.8369558283,2010-09-20 11:34:51,4082.050112688981,2,44,0.5499359965324402,4.025626182556152,44.75462949614624,44.26581149508366,178.11557366274275,162.12745394457738,6.47544875391759e-05,0.0884163826704025,0,0,0
15077,509836.84838309296,2010-09-20 11:35:21,4112.061539938539,2,44,0.5499359965324402,4.027892589569092,44.75921542231298,44.26581149508366,178.1340402360109,162.12745394457738,6.47544875391759e-05,0.0884163826704025,0,0,0
15078,509866.85168793774,2010-09-20 11:35:51,4142.064844953749,2,44,0.5501165986061096,4.030320644378662,44.76380012853147,44.26581149508366,178.15251253319727,162.12745394457738,9.70840483205393e-05,0.0884163826704025,0,0,0
15079,509896.8631789815,2010-09-20 11:36:21,4172.076335847172,2,44,0.550297200679779,4.032587051391602,44.76838606012054,44.26581149508366,178.17100050681225,162.12745394457738,6.47544875391759e-05,0.0884163826704025,0,0,0
15080,509926.87845372,2010-09-20 11:36:51,4202.091610550567,2,44,0.5499359965324402,4.035177230834961,44.77297241384876,44.26581149508366,178.18950110143965,162.12745394457738,0.0001295089750783,0.0884163826704025,0,0,0
15081,509956.8937670949,2010-09-20 11:37:21,4232.106923925491,2,44,0.5497553944587708,4.037281513214111,44.77755791292088,44.26581149508366,178.20800905700094,162.12745394457738,3.23295607813634e-05,0.0884163826704025,0,0,0
15082,509986.9090374876,2010-09-20 11:37:51,4262.122194338174,2,44,0.5499359965324402,4.03971004486084,44.78214345522216,44.26581149508366,178.22652830253776,162.12745394457738,0.0,0.0884163826704025,0,0,0
15083,510016.92428575497,2010-09-20 11:38:22,4292.137442605581,2,44,0.5499359965324402,4.042300224304199,44.78672900650729,44.26581149508366,178.2450586396995,162.12745394457738,6.47544875391759e-05,0.0884163826704025,0,0,0
15084,510046.9395677215,2010-09-20 11:38:52,4322.152724557067,2,44,0.550297200679779,4.0447282791137695,44.79131474060062,44.26581149508366,178.2636011267392,162.12745394457738,3.23295607813634e-05,0.0884163826704025,0,0,0
15085,510076.9548432419,2010-09-20 11:39:22,4352.168000077501,2,44,0.5501165986061096,4.047318458557129,44.79590128122718,44.26581149508366,178.28215845882448,162.12745394457738,6.47544875391759e-05,0.0884163826704025,0,0,0
15086,510106.9701628976,2010-09-20 11:39:52,4382.183319733103,2,44,0.5499359965324402,4.049746990203857,44.80048782807555,44.26581149508366,178.30072739264463,162.12745394457738,6.47544875391759e-05,0.0884163826704025,0,0,0
15087,510136.98544631264,2010-09-20 11:40:22,4412.198603148244,2,44,0.5501165986061096,4.052498817443848,44.80507435419594,44.26581149508366,178.31930790810702,162.12745394457738,9.70840483205393e-05,0.0884163826704025,0,0,0
15088,510167.00067530194,2010-09-20 11:40:52,4442.213832147552,2,44,0.5499359965324402,4.054927349090576,44.80966086219827,44.26581149508366,178.3379002882248,162.12745394457738,0.0,0.0884163826704025,0,0,0
15089,510197.0161001301,2010-09-20 11:41:22,4472.229256975682,2,44,0.5499359965324402,4.057679176330566,44.8142474439902,44.26581149508366,178.35650494797662,162.12745394457738,6.47544875391759e-05,0.0884163826704025,0,0,0
15090,510227.03124477394,2010-09-20 11:41:52,4502.244401609402,2,44,0.550297200679779,4.060269355773926,44.81883401130592,44.26581149508366,178.37512171081272,162.12745394457738,6.47544875391759e-05,0.0884163826704025,0,0,0
15091,510257.047132718,2010-09-20 11:42:22,4532.260289568577,2,44,0.550297200679779,4.062859535217285,44.82342059103416,44.26581149508366,178.3937503503715,162.12745394457738,6.47544875391759e-05,0.0884163826704025,0,0,0
15092,510287.0619266162,2010-09-20 11:42:52,4562.275083466808,2,44,0.5501165986061096,4.0657734870910645,44.828006948393,44.26581149508366,178.41239055864003,162.12745394457738,6.47544875391759e-05,0.0884163826704025,0,0,0
15093,510317.0770670495,2010-09-20 11:43:22,4592.290223885006,2,44,0.5501165986061096,4.068525791168213,44.83259341998962,44.26581149508366,178.43104373935392,162.12745394457738,9.71794142969884e-05,0.0884163826704025,0,0,0
15094,510347.0941877908,2010-09-20 11:43:52,4622.3073446564695,2,44,0.5499359965324402,4.070953845977783,44.837180201172906,44.26581149508366,178.44971080054486,162.12745394457738,3.23295607813634e-05,0.0884163826704025,0,0,0
15095,510377.1077813027,2010-09-20 11:44:22,4652.3209382585765,2,44,0.5501165986061096,4.074029922485352,44.84176649615016,44.26581149508366,178.46838850073405,162.12745394457738,0.0001295089750783,0.0884163826704025,0,0,0
15096,510407.12311928906,2010-09-20 11:44:52,4682.3362761496965,2,44,0.5499359965324402,4.076620101928711,44.8463530338468,44.26581149508366,178.4870799950442,162.12745394457738,9.71794142969884e-05,0.0884163826704025,0,0,0
15097,510437.13817550207,2010-09-20 11:45:22,4712.351332337643,2,44,0.5501165986061096,4.079695701599121,44.85093951007271,44.26581149508366,178.505784117048,162.12745394457738,9.70840483205393e-05,0.0884163826704025,0,0,0
15098,510467.15345991467,2010-09-20 11:45:52,4742.366616755286,2,44,0.5501165986061096,4.0824480056762695,44.85552607669308,44.26581149508366,178.52450165615608,162.12745394457738,9.71794142969884e-05,0.0884163826704025,0,0,0
15099,510497.1687299514,2010-09-20 11:46:22,4772.381886817093,2,44,0.5501165986061096,4.085361957550049,44.86011257319131,44.26581149508366,178.54323215488523,162.12745394457738,9.71794142969884e-05,0.0884163826704025,0,0,0
15100,510527.1839917677,2010-09-20 11:46:52,4802.397148603245,2,44,0.550297200679779,4.088113784790039,44.86469902117232,44.26581149508366,178.56197577583723,162.12745394457738,6.47544875391759e-05,0.0884163826704025,0,0,0
15101,510557.1992708119,2010-09-20 11:47:22,4832.412427647474,2,44,0.5501165986061096,4.091189861297607,44.86928585699161,44.26581149508366,178.58073446855454,162.12745394457738,9.71794142969884e-05,0.0884163826704025,0,0,0
15102,510587.21455121954,2010-09-20 11:47:52,4862.427708055107,2,44,0.550297200679779,4.094103813171387,44.87387315297922,44.26581149508366,178.59950847271438,162.12745394457738,6.47544875391759e-05,0.0884163826704025,0,0,0
15103,510617.2298633062,2010-09-20 11:48:22,4892.443020166877,2,44,0.5501165986061096,4.096855640411377,44.87846021841411,44.26581149508366,178.6182951656174,162.12745394457738,3.23295607813634e-05,0.0884163826704025,0,0,0
15104,510647.2451176939,2010-09-20 11:48:52,4922.4582745595735,2,44,0.5499359965324402,4.099769592285156,44.88304672853256,44.26581149508366,178.63709331058496,162.12745394457738,3.23295607813634e-05,0.0884163826704025,0,0,0
15105,510677.26040428696,2010-09-20 11:49:22,4952.473561152647,2,44,0.5499359965324402,4.1031694412231445,44.887633206832085,44.26581149508366,178.65590515033583,162.12745394457738,9.71794142969884e-05,0.0884163826704025,0,0,0
15106,510707.2759506636,2010-09-20 11:49:52,4982.4891075943415,2,44,0.5501165986061096,4.106245040893555,44.89221970223882,44.26581149508366,178.6747310974506,162.12745394457738,6.47544875391759e-05,0.0884163826704025,0,0,0
15107,510737.2911036882,2010-09-20 11:50:22,5012.504260553845,2,44,0.550297200679779,4.109321117401123,44.89680616632409,44.26581149508366,178.69357105425485,162.12745394457738,6.47544875391759e-05,0.0884163826704025,0,0,0
15108,510767.30624488834,2010-09-20 11:50:52,5042.519401723918,2,44,0.5501165986061096,4.112235069274902,44.9013925751133,44.26581149508366,178.71242501845188,162.12745394457738,6.47544875391759e-05,0.0884163826704025,0,0,0
15109,510797.32152683486,2010-09-20 11:51:22,5072.534683670392,2,44,0.5501165986061096,4.115472316741943,44.905979041007306,44.26581149508366,178.73129350543385,162.12745394457738,6.47544875391759e-05,0.0884163826704025,0,0,0
15110,510827.336811864,2010-09-20 11:51:52,5102.549968724625,2,44,0.5499359965324402,4.118386268615723,44.91056555867785,44.26581149508366,178.75017667420084,162.12745394457738,3.23295607813634e-05,0.0884163826704025,0,0,0
15111,510857.3519847231,2010-09-20 11:52:22,5132.565141558736,2,44,0.550297200679779,4.121947765350342,44.9151520601441,44.26581149508366,178.76907436470916,162.12745394457738,9.70840483205393e-05,0.0884163826704025,0,0,0
15112,510887.3674685485,2010-09-20 11:52:52,5162.580626291397,2,44,0.5501165986061096,4.12502384185791,44.91973847940642,44.26581149508366,178.78798630217833,162.12745394457738,6.47544875391759e-05,0.0884163826704025,0,0,0
15113,510917.38259725255,2010-09-20 11:53:22,5192.595754088089,2,44,0.5501165986061096,4.12842321395874,44.92432483345927,44.26581149508366,178.80691279399662,162.12745394457738,0.0001618385285837,0.0884163826704025,0,0,0
15114,510947.3997254274,2010-09-20 11:53:52,5222.612882358271,2,44,0.5499359965324402,4.13166093826294,44.92891151346959,44.26581149508366,178.82585572140366,162.12745394457738,6.47544875391759e-05,0.0884163826704025,0,0,0
15115,510977.4131636317,2010-09-20 11:54:22,5252.626320657719,2,44,0.5501165986061096,4.135222434997559,44.9334976644995,44.26581149508366,178.84481162832213,162.12745394457738,0.0001295089750783,0.0884163826704025,0,0,0
15116,511007.4289089047,2010-09-20 11:54:52,5282.642065835489,2,44,0.5501165986061096,4.138298511505127,44.93808433926531,44.26581149508366,178.86378512224175,162.12745394457738,6.47544875391759e-05,0.0884163826704025,0,0,0
15117,511037.44372826646,2010-09-20 11:55:22,5312.656885117081,2,44,0.5501165986061096,4.142021656036377,44.9426708183597,44.26581149508366,178.8827733402932,162.12745394457738,0.0001618385285837,0.0884163826704025,0,0,0
15118,511067.4589876968,2010-09-20 11:55:52,5342.6721445273015,2,44,0.5499359965324402,4.145097732543945,44.94725733033335,44.26581149508366,178.90177737116576,162.12745394457738,6.47544875391759e-05,0.0884163826704025,0,0,0
15119,511097.4746417922,2010-09-20 11:56:22,5372.687798743016,2,44,0.5501165986061096,4.1486592292785645,44.95184383350201,44.26581149508366,178.92079738840476,162.12745394457738,9.71794142969884e-05,0.0884163826704025,0,0,0
15120,511127.4895290535,2010-09-20 11:56:52,5402.70268589402,2,44,0.5499359965324402,4.1520586013793945,44.95643024928522,44.26581149508366,178.9398327824394,162.12745394457738,6.47544875391759e-05,0.0884163826704025,0,0,0
15121,511157.5049103779,2010-09-20 11:57:22,5432.718067218557,2,44,0.5499359965324402,4.155620098114014,44.96101671757508,44.26581149508366,178.95888431200527,162.12745394457738,9.70840483205393e-05,0.0884163826704025,0,0,0
15122,511187.52006580366,2010-09-20 11:57:52,5462.733222639203,2,44,0.5501165986061096,4.159019947052002,44.96560317639481,44.26581149508366,178.97795190341355,162.12745394457738,6.47544875391759e-05,0.0884163826704025,0,0,0
15123,511217.5354583913,2010-09-20 11:58:22,5492.748615226855,2,44,0.5501165986061096,4.162581443786621,44.97018960276901,44.26581149508366,178.99703549802453,162.12745394457738,9.71794142969884e-05,0.0884163826704025,0,0,0
15124,511247.5507554956,2010-09-20 11:58:52,5522.763912331165,2,44,0.5499359965324402,4.16614294052124,44.9747760860777,44.26581149508366,179.01613557030137,162.12745394457738,9.71794142969884e-05,0.0884163826704025,0,0,0
15125,511277.5659377181,2010-09-20 11:59:22,5552.779094739175,2,44,0.5501165986061096,4.169704437255859,44.9793624819664,44.26581149508366,179.0352517010334,162.12745394457738,9.71794142969884e-05,0.0884163826704025,0,0,0
15126,511307.581302742,2010-09-20 11:59:52,5582.794459602624,2,44,0.5499359965324402,4.173427581787109,44.98394888972054,44.26581149508366,179.05438436249543,162.12745394457738,9.70840483205393e-05,0.0884163826704025,0,0,0
15127,511337.59667637234,2010-09-20 12:00:22,5612.809833207893,2,44,0.5501165986061096,4.1769890785217285,44.98853538544813,44.26581149508366,179.07353407374796,162.12745394457738,6.47544875391759e-05,0.0884163826704025,0,0,0
15128,511367.61169950274,2010-09-20 12:00:52,5642.824856333309,2,44,0.5501165986061096,4.180712699890137,44.99312173621144,44.26581149508366,179.09269995315503,162.12745394457738,9.71794142969884e-05,0.0884163826704025,0,0,0
15129,511397.6269764617,2010-09-20 12:01:22,5672.840133317396,2,44,0.5501165986061096,4.184597969055176,44.9977081807024,44.26581149508366,179.111883164327,162.12745394457738,0.0001295089750783,0.0884163826704025,0,0,0
15130,511427.6422676112,2010-09-20 12:01:52,5702.85542444178,2,44,0.5501165986061096,4.188159465789795,45.00229465815337,44.26581149508366,179.13108349457653,162.12745394457738,0.0001295089750783,0.0884163826704025,0,0,0
15131,511457.65752357786,2010-09-20 12:02:22,5732.870680428454,2,44,0.5501165986061096,4.191882610321045,45.00688106890086,44.26581149508366,179.1503007513609,162.12745394457738,0.0001295089750783,0.0884163826704025,0,0,0
15132,511487.6727740959,2010-09-20 12:02:52,5762.88593093144,2,44,0.5501165986061096,4.195605754852295,45.01146751050494,44.26581149508366,179.16953540439567,162.12745394457738,6.47544875391759e-05,0.0884163826704025,0,0,0
15133,511517.68804066896,2010-09-20 12:03:22,5792.90119752459,2,44,0.5501165986061096,4.199329376220703,45.01605394423572,44.26581149508366,179.18878743923432,162.12745394457738,6.47544875391759e-05,0.0884163826704025,0,0,0
15134,511520.76637032337,2010-09-20 12:03:25,5795.979527178997,2,44,0.5501165986061096,4.200138568878174,45.01652434279261,44.26581149508366,179.19076298255504,162.12745394457738,0.0001618385285837,0.0884163826704025,0,0,0
15135,511550.7733146323,2010-09-20 12:03:55,30.01524758570432,3,44,0.0,4.117577075958252,45.01652434279261,44.26581149508366,179.19076298255504,162.12745394457738,-0.0004208564641885,0.0884163826704025,0,0,0
15136,511580.7885760225,2010-09-20 12:04:26,60.0305089808792,3,44,0.0,4.107378482818604,45.01652434279261,44.26581149508366,179.19076298255504,162.12745394457738,-0.0001942634553415,0.0884163826704025,0,0,0
15137,511610.80384414445,2010-09-20 12:04:56,90.0457771078577,3,44,0.0,4.101064682006836,45.01652434279261,44.26581149508366,179.19076298255504,162.12745394457738,-0.0001619339018361,0.0884163826704025,0,0,0
15138,511640.7722635348,2010-09-20 12:05:25,120.01419649316948,3,44,0.0,4.097341537475586,45.01652434279261,44.26581149508366,179.19076298255504,162.12745394457738,-0.0001295089750783,0.0884163826704025,0,0,0
15139,511640.7811963497,2010-09-20 12:05:26,0.01560914282189,4,44,0.9991112947463988,4.199653148651123,45.0165286748124,44.26581149508366,179.1907811755356,162.12745394457738,0.0,0.0884163826704025,0,0,0
15140,511641.7343088249,2010-09-20 12:05:27,0.968721593130545,4,44,0.948901891708374,4.199653148651123,45.01678496563614,44.26581149508366,179.19185752363416,162.12745394457738,0.0,0.0884163826704025,0,0,0
15141,511643.84365224064,2010-09-20 12:05:29,3.078064993772918,4,44,0.8988731503486633,4.199814796447754,45.01732524769291,44.26581149508366,179.1941265612599,162.12745394457738,3.23295607813634e-05,0.0884163826704025,0,0,0
15142,511647.01550548937,2010-09-20 12:05:32,6.249918377796885,4,44,0.8486637473106384,4.199653148651123,45.01809401810381,44.26581149508366,179.1973551858013,162.12745394457738,-3.23295607813634e-05,0.0884163826704025,0,0,0
15143,511651.2654423104,2010-09-20 12:05:36,10.499855078638602,4,44,0.7984543442726135,4.199653148651123,45.01906503195568,44.26581149508366,179.20143316724025,162.12745394457738,-3.23295607813634e-05,0.0884163826704025,0,0,0
15144,511656.7653905975,2010-09-20 12:05:42,15.99980339077158,4,44,0.7482450008392334,4.199653148651123,45.02024520369621,44.26581149508366,179.20638956708595,162.12745394457738,0.0,0.0884163826704025,0,0,0
15145,511663.87468056905,2010-09-20 12:05:49,23.109093362277378,4,44,0.6978549957275391,4.199653148651123,45.02167147765407,44.26581149508366,179.21237953887191,162.12745394457738,0.0,0.0884163826704025,0,0,0
15146,511673.2808254588,2010-09-20 12:05:58,32.51523825202139,4,44,0.6472843885421753,4.199976921081543,45.02342684181705,44.26581149508366,179.21975161049306,162.12745394457738,6.47544875391759e-05,0.0884163826704025,0,0,0
15147,511686.37439848646,2010-09-20 12:06:11,45.60881127969432,4,44,0.5970750451087952,4.199814796447754,45.0256857941534,44.26581149508366,179.22923861990748,162.12745394457738,3.23295607813634e-05,0.0884163826704025,0,0,0
15148,511705.5774256666,2010-09-20 12:06:30,64.81183844481032,4,44,0.5470462441444397,4.199653148651123,45.02872839686321,44.26581149508366,179.2420167970712,162.12745394457738,-3.23295607813634e-05,0.0884163826704025,0,0,0
15149,511737.2488043854,2010-09-20 12:07:02,96.48321715358722,4,44,0.4970174729824066,4.199814796447754,45.03330252597927,44.26581149508366,179.26122699686164,162.12745394457738,0.0,0.0884163826704025,0,0,0
15150,511793.0919099432,2010-09-20 12:07:58,152.32632271130632,4,44,0.4469887316226959,4.199653148651123,45.040594113419125,44.26581149508366,179.29184986484842,162.12745394457738,0.0,0.0884163826704025,0,0,0
15151,511881.7002348442,2010-09-20 12:09:27,240.93464763737177,4,44,0.396779328584671,4.199653148651123,45.05095391677013,44.26581149508366,179.3353584282818,162.12745394457738,0.0,0.0884163826704025,0,0,0
15152,511996.29264866863,2010-09-20 12:11:21,355.5270614368173,4,44,0.3467505574226379,4.199653148651123,45.06277545460559,44.26581149508366,179.38500598021955,162.12745394457738,-3.23295607813634e-05,0.0884163826704025,0,0,0
15153,512134.9177553168,2010-09-20 12:13:40,494.1521681852008,4,44,0.2967217862606048,4.199653148651123,45.07514733346946,44.26581149508366,179.4369647654853,162.12745394457738,-3.23295607813634e-05,0.0884163826704025,0,0,0
15154,512300.46106464,2010-09-20 12:16:25,659.6954774282729,4,44,0.2465124130249023,4.199491024017334,45.08762203140195,44.26581149508366,179.48935537884464,162.12745394457738,-6.47544875391759e-05,0.0884163826704025,0,0,0
15155,512510.6616305361,2010-09-20 12:19:56,869.8960433393355,4,44,0.1964836567640304,4.199814796447754,45.10052306387201,44.26581149508366,179.54353616875358,162.12745394457738,0.0,0.0884163826704025,0,0,0
15156,512786.9866622317,2010-09-20 12:24:32,1146.2210751051664,4,44,0.1462742686271667,4.199653148651123,45.11360477856719,44.26581149508366,179.5984761263211,162.12745394457738,0.0,0.0884163826704025,0,0,0
15157,513194.280445726,2010-09-20 12:31:19,1553.5148585943375,4,44,0.0960648953914642,4.199653148651123,45.12716655494418,44.26581149508366,179.65543224872883,162.12745394457738,-3.23295607813634e-05,0.0884163826704025,0,0,0
15158,513881.2080724434,2010-09-20 12:42:46,2240.4424852366096,4,44,0.0498289167881011,4.199653148651123,45.14065087813827,44.26581149508366,179.71206306463753,162.12745394457738,-3.23295607813634e-05,0.0884163826704025,0,0,0
15159,513911.21163345146,2010-09-20 12:43:16,30.0152302875254,5,44,0.0,4.191882610321045,45.14065087813827,44.26581149508366,179.71206306463753,162.12745394457738,-6.47544875391759e-05,0.0884163826704025,0,0,0
15160,513941.2112986311,2010-09-20 12:43:46,60.01489544208428,5,44,0.0,4.190749645233154,45.14065087813827,44.26581149508366,179.71206306463753,162.12745394457738,-3.23295607813634e-05,0.0884163826704025,0,0,0
15161,513941.4034984089,2010-09-20 12:43:47,0.187504845942372,6,44,-1.9243103452026844e-05,4.190911293029785,45.14065087813827,44.26581149608594,179.71206306463753,162.1274539487778,0.0,0.0908498615026474,0,0,0
15162,513946.23172037874,2010-09-20 12:43:51,5.015726820794985,6,44,0.0008838032954372,4.190911293029785,45.140651771066494,44.26581149625305,179.71206680683412,162.12745394947814,0.0,0.0908498615026474,0,0,0
15163,513976.2515555099,2010-09-20 12:44:22,30.015230803814138,7,44,-1.099568486213684,4.018988609313965,45.140651771066494,44.27497951572448,179.71206680683412,162.16449736888563,-0.0009389877086505,0.0908498615026474,0,0,0
15164,514006.266826499,2010-09-20 12:44:52,60.0305017979495,7,44,-1.0997490882873535,3.9924395084381104,45.140651771066494,44.28414761745488,179.71206680683412,162.20121298938955,-0.0005827426793985,0.0908498615026474,0,0,0
15165,514036.28212367854,2010-09-20 12:45:22,90.04579899248509,7,44,-1.099568486213684,3.973984479904175,45.140651771066494,44.29331560688663,179.71206680683412,162.23772632052132,-0.0004209041653666,0.0908498615026474,0,0,0
15166,514066.2974013845,2010-09-20 12:45:52,120.06107667832396,7,44,-1.099568486213684,3.959738492965698,45.140651771066494,44.3024835123132,179.71206680683412,162.2740927648256,-0.0003885269106831,0.0908498615026474,0,0,0
15167,514096.3126721831,2010-09-20 12:46:22,150.07634747697136,7,44,-1.099568486213684,3.947920799255371,45.140651771066494,44.31165139196537,179.71206680683412,162.31034129081317,-0.0003237724304199,0.0908498615026474,0,0,0
15168,514126.32804602897,2010-09-20 12:46:52,180.0917213228405,7,44,-1.099568486213684,3.9375600814819336,45.140651771066494,44.32081933603238,179.71206680683412,162.34648856102405,-0.0002590179501567,0.0908498615026474,0,0,0
15169,514156.3431902115,2010-09-20 12:47:22,210.1068655054347,7,44,-1.099568486213684,3.928008794784546,45.140651771066494,44.32998716648047,179.71206680683412,162.382543656241,-0.0002590179501567,0.0908498615026474,0,0,0
15170,514186.35847933096,2010-09-20 12:47:52,240.12215463483847,7,44,-1.0997490882873535,3.918943166732788,45.140651771066494,44.3391550953579,179.71206680683412,162.41851355468808,-0.0001942634553415,0.0908498615026474,0,0,0
15171,514216.37373977376,2010-09-20 12:48:22,270.1374150976862,7,44,-1.099568486213684,3.910201549530029,45.140651771066494,44.34832303446336,179.71206680683412,162.45440200380872,-0.0002266406954731,0.0908498615026474,0,0,0
15172,514246.38902970514,2010-09-20 12:48:52,300.1527050240793,7,44,-1.099568486213684,3.901945352554321,45.140651771066494,44.3574910263536,179.71206680683412,162.49021172978968,-0.0001942634553415,0.0908498615026474,0,0,0
15173,514276.4044101976,2010-09-20 12:49:22,330.1680855015018,7,44,-1.099568486213684,3.8935272693634033,45.140651771066494,44.36665898951691,179.71206680683412,162.52594490890667,-0.0002266406954731,0.0908498615026474,0,0,0
15174,514306.4213861727,2010-09-20 12:49:52,360.18506148655683,7,44,-1.0997490882873535,3.885432958602905,45.140651771066494,44.37582744177782,179.71206680683412,162.56160573149032,-0.0002266406954731,0.0908498615026474,0,0,0
15175,514336.434969865,2010-09-20 12:50:22,390.1986451839399,7,44,-1.099568486213684,3.877500534057617,45.140651771066494,44.38499493051981,179.71206680683412,162.59718891175052,-0.0002266406954731,0.0908498615026474,0,0,0
15176,514366.45031613705,2010-09-20 12:50:52,420.2139914359305,7,44,-1.0997490882873535,3.869568109512329,45.140651771066494,44.39416290681837,179.71206680683412,162.6327013270006,-0.0002590179501567,0.0908498615026474,0,0,0
15177,514396.4653814628,2010-09-20 12:51:22,450.2290567516609,7,44,-1.0997490882873535,3.861797571182251,45.140651771066494,44.40333085786818,179.71206680683412,162.66814224509477,-0.0002266406954731,0.0908498615026474,0,0,0
15178,514426.48064499325,2010-09-20 12:51:52,480.2443202871784,7,44,-1.0997490882873535,3.8543508052825928,45.140651771066494,44.41249889183889,179.71206680683412,162.70351323937908,-0.0001942634553415,0.0908498615026474,0,0,0
15179,514456.4959369046,2010-09-20 12:52:22,510.2596121985263,7,44,-1.099568486213684,3.846904039382935,45.140651771066494,44.42166687705072,179.71206680683412,162.73881498053717,-0.0001942634553415,0.0908498615026474,0,0,0
15180,514486.5112195028,2010-09-20 12:52:52,540.274894796627,7,44,-1.099568486213684,3.839457273483277,45.140651771066494,44.43083487123163,179.71206680683412,162.7740491444927,-0.0002266406954731,0.0908498615026474,0,0,0
15181,514516.52649779513,2010-09-20 12:53:22,570.2901730889798,7,44,-1.0997490882873535,3.832334518432617,45.140651771066494,44.44000292179052,179.71206680683412,162.80921685487522,-0.0001618862152099,0.0908498615026474,0,0,0
15182,514546.541908488,2010-09-20 12:53:52,600.3055837818247,7,44,-1.099568486213684,3.825373411178589,45.140651771066494,44.44917096722836,179.71206680683412,162.84431917926716,-0.0001618862152099,0.0908498615026474,0,0,0
15183,514576.5570570816,2010-09-20 12:54:22,630.3207323754294,7,44,-1.099568486213684,3.818250417709351,45.140651771066494,44.458339017965386,179.71206680683412,162.87935687377652,-0.0001942634553415,0.0908498615026474,0,0,0
15184,514606.572317765,2010-09-20 12:54:52,660.3359930588276,7,44,-1.0997490882873535,3.811289310455322,45.140651771066494,44.467507027092765,179.71206680683412,162.914330728234,-0.0001618862152099,0.0908498615026474,0,0,0
15185,514636.5875827141,2010-09-20 12:55:22,690.3512580078735,7,44,-1.099568486213684,3.804490089416504,45.140651771066494,44.47667511467079,179.71206680683412,162.94924190016235,-0.0001942634553415,0.0908498615026474,0,0,0
15186,514666.603094805,2010-09-20 12:55:52,720.3667701238862,7,44,-1.099568486213684,3.7976908683776855,45.140651771066494,44.485843220860986,179.71206680683412,162.98409153340194,-0.0001942634553415,0.0908498615026474,0,0,0
15187,514696.6182186869,2010-09-20 12:56:22,750.3818939807443,7,44,-1.0993878841400146,3.791215419769287,45.140651771066494,44.4950111995038,179.71206680683412,163.01888032753328,-0.0002266406954731,0.0908498615026474,0,0,0
15188,514726.6334034357,2010-09-20 12:56:52,780.3970787295981,7,44,-1.0997490882873535,3.784901857376098,45.140651771066494,44.50417913648064,179.71206680683412,163.05360956947317,-0.0001295089750783,0.0908498615026474,0,0,0
15189,514756.6486831416,2010-09-20 12:57:22,810.4123584354794,7,44,-1.099568486213684,3.77858829498291,45.140651771066494,44.51334720137233,179.71206680683412,163.08828069839302,-0.0001618862152099,0.0908498615026474,0,0,0
15190,514786.6639653588,2010-09-20 12:57:52,840.4276406526291,7,44,-1.099568486213684,3.772436618804932,45.140651771066494,44.52251527089199,179.71206680683412,163.12289449970083,-0.0001618862152099,0.0908498615026474,0,0,0
15191,514816.6792216863,2010-09-20 12:58:22,870.4428969801543,7,44,-1.099568486213684,3.766446828842163,45.140651771066494,44.53168325070737,179.71206680683412,163.1574518417776,-0.0001618862152099,0.0908498615026474,0,0,0
15192,514846.69450496114,2010-09-20 12:58:52,900.458180254944,7,44,-1.0997490882873535,3.760295152664185,45.140651771066494,44.540851312357816,179.71206680683412,163.19195453034908,-0.0001618862152099,0.0908498615026474,0,0,0
15193,514876.7097888674,2010-09-20 12:59:22,930.4734641613104,7,44,-1.0997490882873535,3.754629135131836,45.140651771066494,44.55001944411881,179.71206680683412,163.2264033458419,-0.0001295089750783,0.0908498615026474,0,0,0
15194,514906.7268675087,2010-09-20 12:59:52,960.4905428326864,7,44,-1.099568486213684,3.748801469802856,45.140651771066494,44.55918805691923,179.71206680683412,163.2608009982759,-0.0001295089750783,0.0908498615026474,0,0,0
15195,514936.7403115525,2010-09-20 13:00:22,990.5039868463974,7,44,-1.099568486213684,3.7432973384857178,45.140651771066494,44.56835561885907,179.71206680683412,163.29514267649066,-0.0001295089750783,0.0908498615026474,0,0,0
15196,514966.7556117295,2010-09-20 13:00:52,1020.5192871436778,7,44,-1.099568486213684,3.737793207168579,45.140651771066494,44.577523711864536,179.71206680683412,163.32943536005817,-0.0001295089750783,0.0908498615026474,0,0,0
15197,514996.7708505784,2010-09-20 13:01:22,1050.5345258722734,7,44,-1.099568486213684,3.7321271896362314,45.140651771066494,44.5866917931883,179.71206680683412,163.36367780260122,-0.0001618862152099,0.0908498615026474,0,0,0
15198,515026.7861506751,2010-09-20 13:01:52,1080.5498259690537,7,44,-1.099568486213684,3.7271087169647217,45.140651771066494,44.595859810968456,179.71206680683412,163.3978706123606,-0.0001295089750783,0.0908498615026474,0,0,0
15199,515056.8019368052,2010-09-20 13:02:22,1110.5656121140848,7,44,-1.0993878841400146,3.721766471862793,45.140651771066494,44.60502803784542,179.71206680683412,163.43201630606464,-0.0001618862152099,0.0908498615026474,0,0,0
15200,515086.8168670888,2010-09-20 13:02:52,1140.580542498005,7,44,-1.099568486213684,3.716586112976074,45.140651771066494,44.61419604380451,179.71206680683412,163.46611357706325,-0.0001618862152099,0.0908498615026474,0,0,0
15201,515116.8319385098,2010-09-20 13:03:22,1170.5956138086997,7,44,-1.0997490882873535,3.711567640304565,45.140651771066494,44.62336412647821,179.71206680683412,163.50016441744864,-9.713172767078504e-05,0.0908498615026474,0,0,0
15202,515146.84724916297,2010-09-20 13:03:52,1200.6109244768672,7,44,-1.099568486213684,3.7065491676330566,45.140651771066494,44.63253219516405,179.71206680683412,163.53416913361252,-0.0001295089750783,0.0908498615026474,0,0,0
15203,515176.8626061618,2010-09-20 13:04:22,1230.626281485709,7,44,-1.099568486213684,3.701692581176758,45.140651771066494,44.64170034657493,179.71206680683412,163.56812923304872,-0.0001295089750783,0.0908498615026474,0,0,0
15204,515206.87783838407,2010-09-20 13:04:52,1260.6415137982888,7,44,-1.099568486213684,3.696997880935669,45.140651771066494,44.65086846564936,179.71206680683412,163.60204500505776,-0.0001295089750783,0.0908498615026474,0,0,0
15205,515236.8930264663,2010-09-20 13:05:22,1290.6567017601628,7,44,-1.099568486213684,3.69230318069458,45.140651771066494,44.66003658148203,179.71206680683412,163.63591686665708,-6.47544875391759e-05,0.0908498615026474,0,0,0
15206,515266.90832675353,2010-09-20 13:05:52,1320.6720020474183,7,44,-1.0997490882873535,3.687446594238281,45.140651771066494,44.669204736619086,179.71206680683412,163.66974534808446,-9.713172767078504e-05,0.0908498615026474,0,0,0
15207,515296.9237252359,2010-09-20 13:06:22,1350.687400529784,7,44,-1.099568486213684,3.6829137802124015,45.140651771066494,44.67837284601336,179.71206680683412,163.70353139062095,-0.0001618862152099,0.0908498615026474,0,0,0
15208,515326.9388472632,2010-09-20 13:06:52,1380.702522557075,7,44,-1.0997490882873535,3.678380966186523,45.140651771066494,44.68754095664793,179.71206680683412,163.73727560540323,-0.0001295089750783,0.0908498615026474,0,0,0
15209,515356.95411617216,2010-09-20 13:07:22,1410.7177914810427,7,44,-1.099568486213684,3.674171924591065,45.140651771066494,44.69670908310573,179.71206680683412,163.7709789792369,-9.713172767078504e-05,0.0908498615026474,0,0,0
15210,515386.96939817874,2010-09-20 13:07:52,1440.7330734726297,7,44,-1.099568486213684,3.6694774627685542,45.140651771066494,44.70587714432085,179.71206680683412,163.80464176517663,-0.0001618862152099,0.0908498615026474,0,0,0
15211,515416.984658416,2010-09-20 13:08:22,1470.748333714927,7,44,-1.099929690361023,3.665268421173096,45.140651771066494,44.7150451967312,179.71206680683412,163.83826452773008,-9.713172767078504e-05,0.0908498615026474,0,0,0
15212,515446.99992528994,2010-09-20 13:08:52,1500.7636005887773,7,44,-1.099568486213684,3.661221265792847,45.140651771066494,44.724213272739625,179.71206680683412,163.8718484367428,-6.47544875391759e-05,0.0908498615026474,0,0,0
15213,515477.0151996474,2010-09-20 13:09:22,1530.7788749412955,7,44,-1.099568486213684,3.6568503379821777,45.140651771066494,44.73338138509988,179.71206680683412,163.90539401368605,-0.0001295089750783,0.0908498615026474,0,0,0
15214,515507.0323084991,2010-09-20 13:09:52,1560.795984003532,7,44,-1.099568486213684,3.6528031826019287,45.140651771066494,44.74254999610561,179.71206680683412,163.93890348984436,-0.0001295089750783,0.0908498615026474,0,0,0
15215,515537.0457524828,2010-09-20 13:10:22,1590.8094278718802,7,44,-1.0997490882873535,3.6485941410064697,45.140651771066494,44.75171747083214,179.71206680683412,163.97237148073395,-9.713172767078504e-05,0.0908498615026474,0,0,0
15216,515567.0610324493,2010-09-20 13:10:52,1620.8247077431745,7,44,-1.0993878841400146,3.6448707580566406,45.140651771066494,44.76088549474822,179.71206680683412,164.0058044294581,-6.47544875391759e-05,0.0908498615026474,0,0,0
15217,515597.07628800994,2010-09-20 13:11:22,1650.839963399023,7,44,-1.0993878841400146,3.640823602676392,45.140651771066494,44.77005345729222,179.71206680683412,164.0392009361825,-0.0001295089750783,0.0908498615026474,0,0,0
15218,515627.0926892302,2010-09-20 13:11:52,1680.8563645492018,7,44,-1.099568486213684,3.636938333511353,45.140651771066494,44.77922187580063,179.71206680683412,164.0725636720462,-9.713172767078504e-05,0.0908498615026474,0,0,0
15219,515657.0939944888,2010-09-20 13:12:22,1710.8576698077122,7,44,-1.099568486213684,3.633214950561523,45.140651771066494,44.788385615810505,179.71206680683412,164.10587473300558,-6.47544875391759e-05,0.0908498615026474,0,0,0
15220,515687.1065366063,2010-09-20 13:12:52,1740.8702119953266,7,44,-1.099568486213684,3.629653453826904,45.140651771066494,44.79755287520479,179.71206680683412,164.1391647081223,-9.713172767078504e-05,0.0908498615026474,0,0,0
15221,515717.12174414686,2010-09-20 13:13:22,1770.8854194458477,7,44,-1.099568486213684,3.625768184661865,45.140651771066494,44.8067209377455,179.71206680683412,164.1724241045871,-0.0001295089750783,0.0908498615026474,0,0,0
15222,515747.1370165096,2010-09-20 13:13:52,1800.9006918033865,7,44,-1.0997490882873535,3.622368574142456,45.140651771066494,44.81588902321104,179.71206680683412,164.20565097233992,-0.0001295089750783,0.0908498615026474,0,0,0
15223,515777.15230657626,2010-09-20 13:14:22,1830.9159818701296,7,44,-1.0997490882873535,3.618968963623047,45.140651771066494,44.82505708759932,179.71206680683412,164.23884588857968,-9.713172767078504e-05,0.0908498615026474,0,0,0
15224,515807.16757132986,2010-09-20 13:14:52,1860.931246623688,7,44,-1.0993878841400146,3.615731239318848,45.140651771066494,44.834225110670815,179.71206680683412,164.27200976175237,-9.713172767078504e-05,0.0908498615026474,0,0,0
15225,515837.1828293866,2010-09-20 13:15:22,1890.9465047757672,7,44,-1.099568486213684,3.612493515014648,45.140651771066494,44.84339316462235,179.71206680683412,164.30514371398792,-6.47544875391759e-05,0.0908498615026474,0,0,0
15226,515867.1981387716,2010-09-20 13:15:52,1920.9618140905568,7,44,-1.0997490882873535,3.609255790710449,45.140651771066494,44.85256123125886,179.71206680683412,164.3382481319409,-6.47544875391759e-05,0.0908498615026474,0,0,0
15227,515897.2133840165,2010-09-20 13:16:22,1950.9770593103551,7,44,-1.0993878841400146,3.60601806640625,45.140651771066494,44.86172931186832,179.71206680683412,164.3713231976931,-9.713172767078504e-05,0.0908498615026474,0,0,0
15228,515927.22876303527,2010-09-20 13:16:53,1980.992438339162,7,44,-1.099568486213684,3.6029422283172607,45.140651771066494,44.8708973813779,179.71206680683412,164.40436915107523,-6.47544875391759e-05,0.0908498615026474,0,0,0
15229,515957.243908075,2010-09-20 13:17:23,2011.0075833688709,7,44,-1.099568486213684,3.599704504013061,45.140651771066494,44.8800655019272,179.71206680683412,164.43738745575243,-0.0001295089750783,0.0908498615026474,0,0,0
15230,515987.25917899393,2010-09-20 13:17:53,2041.0228542878183,7,44,-1.099568486213684,3.597114324569702,45.140651771066494,44.88923359185387,179.71206680683412,164.47037811010492,-3.237724376958795e-05,0.0908498615026474,0,0,0
15231,516017.2744671008,2010-09-20 13:18:23,2071.0381423946696,7,44,-1.099568486213684,3.594038486480713,45.140651771066494,44.8984016678921,179.71206680683412,164.50334142412174,-3.237724376958795e-05,0.0908498615026474,0,0,0
15232,516047.2897455937,2010-09-20 13:18:53,2101.0534209777484,7,44,-1.0997490882873535,3.5909628868103027,45.140651771066494,44.90756973731522,179.71206680683412,164.5362776280112,-6.47544875391759e-05,0.0908498615026474,0,0,0
15233,516077.3050274599,2010-09-20 13:19:23,2131.0687027788595,7,44,-1.099568486213684,3.5880489349365234,45.140651771066494,44.91673788052504,179.71206680683412,164.56918652788903,-6.47544875391759e-05,0.0908498615026474,0,0,0
15234,516107.3202754817,2010-09-20 13:19:53,2161.0839508006525,7,44,-1.099568486213684,3.585134983062744,45.140651771066494,44.925905955947,179.71206680683412,164.6020677658131,-6.47544875391759e-05,0.0908498615026474,0,0,0
15235,516137.3373783835,2010-09-20 13:20:23,2191.1010537726866,7,44,-1.0997490882873535,3.582059144973755,45.140651771066494,44.93507457678216,179.71206680683412,164.63492333046997,-6.47544875391759e-05,0.0908498615026474,0,0,0
15236,516167.3508149938,2010-09-20 13:20:53,2221.11449028768,7,44,-1.0993878841400146,3.578821420669556,45.140651771066494,44.94424218030116,179.71206680683412,164.66774752169133,-9.713172767078504e-05,0.0908498615026474,0,0,0
15237,516197.3660570507,2010-09-20 13:21:23,2251.1297323445838,7,44,-1.0997490882873535,3.5759074687957764,45.140651771066494,44.95341032927416,179.71206680683412,164.70054581853867,-6.47544875391759e-05,0.0908498615026474,0,0,0
15238,516227.38132742327,2010-09-20 13:21:53,2281.1450028124045,7,44,-1.099568486213684,3.572993516921997,45.140651771066494,44.96257851565287,179.71206680683412,164.73331637051393,-6.47544875391759e-05,0.0908498615026474,0,0,0
15239,516257.396663565,2010-09-20 13:22:23,2311.160338868946,7,44,-1.099568486213684,3.569917678833008,45.140651771066494,44.97174672268984,179.71206680683412,164.76605914531464,-6.47544875391759e-05,0.0908498615026474,0,0,0
15240,516287.4120620624,2010-09-20 13:22:53,2341.175737356324,7,44,-1.0997490882873535,3.5666799545288086,45.140651771066494,44.98091486649881,179.71206680683412,164.79877338671417,-9.713172767078504e-05,0.0908498615026474,0,0,0
15241,516317.4271844657,2010-09-20 13:23:23,2371.190859759554,7,44,-1.099568486213684,3.5634422302246094,45.140651771066494,44.99008294132996,179.71206680683412,164.8314586360656,-0.0001295089750783,0.0908498615026474,0,0,0
15242,516347.44245960016,2010-09-20 13:23:53,2401.206134894024,7,44,-1.099568486213684,3.56036639213562,45.140651771066494,44.99925101594906,179.71206680683412,164.86411546176015,-9.713172767078504e-05,0.0908498615026474,0,0,0
15243,516377.4577599024,2010-09-20 13:24:23,2431.22143522138,7,44,-1.0997490882873535,3.557128667831421,45.140651771066494,45.00841913663394,179.71206680683412,164.8967431284441,-0.0001295089750783,0.0908498615026474,0,0,0
15244,516407.4731225603,2010-09-20 13:24:53,2461.236797864284,7,44,-1.0997490882873535,3.5538909435272217,45.140651771066494,45.01758734368172,179.71206680683412,164.92934142492908,-9.713172767078504e-05,0.0908498615026474,0,0,0
15245,516437.4882694599,2010-09-20 13:25:23,2491.251944753635,7,44,-1.099568486213684,3.5506532192230225,45.140651771066494,45.02675540723944,179.71206680683412,164.96190886062163,-6.47544875391759e-05,0.0908498615026474,0,0,0
15246,516467.5036756164,2010-09-20 13:25:53,2521.2673509101564,7,44,-1.0997490882873535,3.5470917224884038,45.140651771066494,45.03592358814609,179.71206680683412,164.99444588004533,-9.713172767078504e-05,0.0908498615026474,0,0,0
15247,516497.5188333276,2010-09-20 13:26:23,2551.282508646583,7,44,-1.0997490882873535,3.543692111968994,45.140651771066494,45.045091687436674,179.71206680683412,165.02695109202384,-0.0001295089750783,0.0908498615026474,0,0,0
15248,516527.5340810587,2010-09-20 13:26:53,2581.2977564478256,7,44,-1.099568486213684,3.540130615234375,45.140651771066494,45.05425976467729,179.71206680683412,165.05942422985643,-0.0001295089750783,0.0908498615026474,0,0,0
15249,516557.5493508048,2010-09-20 13:27:23,2611.313026098608,7,44,-1.099568486213684,3.536569118499756,45.140651771066494,45.06342793501238,179.71206680683412,165.09186463802277,-6.47544875391759e-05,0.0908498615026474,0,0,0
15250,516587.5646208816,2010-09-20 13:27:53,2641.3282961804657,7,44,-1.099568486213684,3.5328457355499268,45.140651771066494,45.07259611387531,179.71206680683412,165.12427062203102,-6.47544875391759e-05,0.0908498615026474,0,0,0
15251,516617.5801368874,2010-09-20 13:28:23,2671.343812181175,7,44,-1.099568486213684,3.528636693954468,45.140651771066494,45.081764319530095,179.71206680683412,165.15664082233337,-9.713172767078504e-05,0.0908498615026474,0,0,0
15252,516647.5951942933,2010-09-20 13:28:53,2701.3588696823995,7,44,-1.099568486213684,3.524427652359009,45.140651771066494,45.09093238442456,179.71206680683412,165.18897300096867,-0.0001295089750783,0.0908498615026474,0,0,0
15253,516677.6104343903,2010-09-20 13:29:23,2731.3741097142483,7,44,-1.099568486213684,3.52005672454834,45.140651771066494,45.1001004811787,179.71206680683412,165.22126608052096,-0.0001618862152099,0.0908498615026474,0,0,0
15254,516707.625730452,2010-09-20 13:29:53,2761.389405745881,7,44,-1.0997490882873535,3.515362024307251,45.140651771066494,45.10926861671836,179.71206680683412,165.25351794037618,-0.0001295089750783,0.0908498615026474,0,0,0
15255,516737.64278566994,2010-09-20 13:30:23,2791.406461058951,7,44,-1.0997490882873535,3.5105056762695312,45.140651771066494,45.11843737308861,179.71206680683412,165.28572790861332,-0.0001295089750783,0.0908498615026474,0,0,0
15256,516767.6562664002,2010-09-20 13:30:53,2821.419941789313,7,44,-1.0997490882873535,3.5051634311676025,45.140651771066494,45.12760501650576,179.71206680683412,165.31788698161753,-0.0001618862152099,0.0908498615026474,0,0,0
15257,516797.6715239608,2010-09-20 13:31:23,2851.435199254678,7,44,-1.0997490882873535,3.499335527420044,45.140651771066494,45.13677314528351,179.71206680683412,165.34999690352575,-0.0001942634553415,0.0908498615026474,0,0,0
15258,516827.6868033008,2010-09-20 13:31:53,2881.4504785996583,7,44,-1.0997490882873535,3.4930219650268555,45.140651771066494,45.145941308538745,179.71206680683412,165.38205204785302,-0.0001618862152099,0.0908498615026474,0,0,0
15259,516857.7020939039,2010-09-20 13:32:23,2911.465769197728,7,44,-1.099568486213684,3.486222743988037,45.140651771066494,45.15510944362904,179.71206680683412,165.41404670412632,-0.0001942634553415,0.0908498615026474,0,0,0
15260,516887.71733153966,2010-09-20 13:32:53,2941.481006833596,7,44,-1.099568486213684,3.478452205657959,45.140651771066494,45.16427757058102,179.71206680683412,165.4459741023907,-0.0002590179501567,0.0908498615026474,0,0,0
15261,516917.73265138577,2010-09-20 13:33:23,2971.496326679673,7,44,-1.099568486213684,3.469872236251831,45.140651771066494,45.17344574042193,179.71206680683412,165.47782650030743,-0.0001942634553415,0.0908498615026474,0,0,0
15262,516947.74787375855,2010-09-20 13:33:53,3001.511549052442,7,44,-1.0997490882873535,3.459835290908813,45.140651771066494,45.18261387132972,179.71206680683412,165.50959429412532,-0.0002913951757363,0.0908498615026474,0,0,0
15263,516977.763202928,2010-09-20 13:34:23,3031.5268783471047,7,44,-1.099568486213684,3.448503255844116,45.140651771066494,45.19178201937076,179.71206680683412,165.54126438916626,-0.0002913951757363,0.0908498615026474,0,0,0
15264,517007.7788105674,2010-09-20 13:34:53,3061.542485866258,7,44,-1.0997490882873535,3.4344191551208496,45.140651771066494,45.20095022014234,179.71206680683412,165.57281847556033,-0.0004532813909463,0.0908498615026474,0,0,0
15265,517037.7936966708,2010-09-20 13:35:23,3091.557371989697,7,44,-1.099568486213684,3.4175832271575928,45.140651771066494,45.21011818088313,179.71206680683412,165.60423153862934,-0.0005180359003134,0.0908498615026474,0,0,0
15266,517067.80898084777,2010-09-20 13:35:53,3121.572656251952,7,44,-1.0997490882873535,3.395728588104248,45.140651771066494,45.21928632763727,179.71206680683412,165.63546848598142,-0.0006475448608398,0.0908498615026474,0,0,0
15267,517097.8242577667,2010-09-20 13:36:23,3151.587933055589,7,44,-1.099568486213684,3.366265296936035,45.140651771066494,45.22845449092588,179.71206680683412,165.66647324801042,-0.0009389400365762,0.0908498615026474,0,0,0
15268,517127.83953513176,2010-09-20 13:36:53,3181.603210550952,7,44,-1.099568486213684,3.324984550476074,45.140651771066494,45.23762273770118,179.71206680683412,165.697157892466,-0.0012950897216796,0.0908498615026474,0,0,0
15269,517157.8547987174,2010-09-20 13:37:23,3211.618474006269,7,44,-1.099568486213684,3.265410661697388,45.140651771066494,45.2467908529677,179.71206680683412,165.7273851016211,-0.0018454551463946,0.0908498615026474,0,0,0
15270,517187.8700355312,2010-09-20 13:37:53,3241.633710820085,7,44,-1.099568486213684,3.178154230117798,45.140651771066494,45.255959010233305,179.71206680683412,165.75694971342693,-0.0027196407318115,0.0908498615026474,0,0,0
15271,517217.88535075577,2010-09-20 13:38:23,3271.6490260446267,7,44,-1.0997490882873535,3.037961006164551,45.140651771066494,45.26512719863458,179.71206680683412,165.78550482666256,-0.0047918320633471,0.0908498615026474,0,0,0
15272,517238.7913146429,2010-09-20 13:38:44,3292.5549899418165,7,44,-1.0993878841400146,2.8378703594207764,45.140651771066494,45.271512960013006,179.71206680683412,165.80435234434967,-0.0103930477052927,0.0908498615026474,0,0,0
15273,517247.5568294013,2010-09-20 13:38:53,3301.320504690169,7,44,-1.099568486213684,2.699781894683838,45.140651771066494,45.2741903463739,179.71206680683412,165.81177095413784,-0.013145113363862,0.0908498615026474,0,0,0
15274,517307.5841499342,2010-09-20 13:39:53,60.01497222374312,8,44,0.0,3.400585174560547,45.140651771066494,45.2741903463739,179.71206680683412,165.81177095413784,0.0014245987404137,0.0908498615026474,0,0,0
15275,517307.7690058218,2010-09-20 13:39:53,0.187492946238881,9,44,-1.9243103452026844e-05,3.400908946990967,45.140651771066494,45.274190347376106,179.71206680683412,165.81177095754626,0.0,0.0883364379405975,0,0,0
15276,517312.59691271,2010-09-20 13:39:58,5.015399839599616,9,44,0.0005225847125984,3.4094889163970947,45.14065256622368,45.274190347541634,179.7120695150005,165.8117709581096,0.0012627125252038,0.0883364379405975,0,0,0
