Date_Time,Step_Time(s),Step_Index,Cycle_Index,Current(A),Voltage(V),Charge_Capacity(Ah),Discharge_Capacity(Ah),Charge_Energy(Wh),Discharge_Energy(Wh),dV/dt(V/s),Internal_Resistance(Ohm),Reset_Charge_Capacity,Reset_Discharge_Capacity,Capacity_Difference,Cumulative_Cycle_Index
2011-01-06 09:17:02,30.01508929293007,1,27,0.0,3.5945241451263428,20.04087107443497,20.7837051084948,80.80241953310374,74.7113349017924,0.0006474971887655,0.100674882531166,9.144979280506504e-07,8.43662917304755e-11,9.1441356175892e-07,647
2011-01-06 09:17:32,60.03024065054444,1,27,0.0,3.614436149597168,20.04087107443497,20.7837051084948,80.80241953310374,74.7113349017924,0.0004532813909463,0.100674882531166,9.144979280506504e-07,8.43662917304755e-11,9.1441356175892e-07,647
2011-01-06 09:18:02,90.04535728662205,1,27,0.0,3.6285202503204346,20.04087107443497,20.7837051084948,80.80241953310374,74.7113349017924,0.0002913951757363,0.100674882531166,9.144979280506504e-07,8.43662917304755e-11,9.1441356175892e-07,647
2011-01-06 09:18:32,120.01359678544988,1,27,0.0,3.639204740524292,20.04087107443497,20.7837051084948,80.80241953310374,74.7113349017924,0.0002590179501567,0.100674882531166,9.144979280506504e-07,8.43662917304755e-11,9.1441356175892e-07,647
2011-01-06 09:19:02,30.015021398716804,2,27,0.5501165986061096,3.7646660804748535,20.04545759688888,20.7837051084948,80.81959244602801,74.7113349017924,0.0009065627818927,0.100674882531166,0.0045874369518337,8.43662917304755e-11,0.0045874368674674,647
2011-01-06 09:19:32,60.030155438168975,2,27,0.5499359965324402,3.788301467895508,20.05004409368394,20.7837051084948,80.83691864415403,74.7113349017924,0.0004532813909463,0.100674882531166,0.0091739337468972,8.43662917304755e-11,0.0091739336625309,647
2011-01-06 09:20:02,90.0453530009408,2,27,0.5501165986061096,3.8027093410491934,20.05463063632225,20.7837051084948,80.85432982310518,74.7113349017924,0.0002913951757363,0.100674882531166,0.0137604763852081,8.43662917304755e-11,0.0137604763008418,647
2011-01-06 09:20:32,120.0604068405102,2,27,0.5501165986061096,3.812908172607422,20.059217091812624,20.7837051084948,80.87179540053863,74.7113349017924,0.0002266406954731,0.100674882531166,0.0183469318755804,8.43662917304755e-11,0.0183469317912141,647
2011-01-06 09:21:02,150.07767828202597,2,27,0.5499359965324402,3.82132625579834,20.063803322164603,20.7837051084948,80.88930213813899,74.7113349017924,0.0002266406954731,0.100674882531166,0.0229331622275594,8.43662917304755e-11,0.0229331621431931,647
2011-01-06 09:21:32,180.09075208172678,2,27,0.5499359965324402,3.828773021697998,20.06838861829885,20.7837051084948,80.90684128438338,74.7113349017924,0.0001942634553415,0.100674882531166,0.0275184583618077,8.43662917304755e-11,0.0275184582774414,647
2011-01-06 09:22:02,210.1057401273173,2,27,0.5499359965324402,3.835572004318237,20.07297429013576,20.7837051084948,80.92441476334155,74.7113349017924,0.0001618862152099,0.100674882531166,0.0321041301987179,8.43662917304755e-11,0.0321041301143516,647
2011-01-06 09:22:32,240.1212225199729,2,27,0.5499359965324402,3.8422093391418457,20.07755987646125,20.7837051084948,80.94201826710896,74.7113349017924,0.0001942634553415,0.100674882531166,0.0366897165242079,8.43662917304755e-11,0.0366897164398416,647
2011-01-06 09:23:02,270.13597375034703,2,27,0.5497553944587708,3.848037242889404,20.08214604973469,20.7837051084948,80.95965279668886,74.7113349017924,0.0001295089750783,0.100674882531166,0.0412758897976459,8.43662917304755e-11,0.0412758897132796,647
2011-01-06 09:23:32,300.1512493776798,2,27,0.5501165986061096,3.854027032852173,20.08673260004196,20.7837051084948,80.97731583135185,74.7113349017924,0.0001618862152099,0.100674882531166,0.0458624401049156,8.43662917304755e-11,0.0458624400205494,647
2011-01-06 09:24:02,330.1662136690676,2,27,0.5501165986061096,3.8593692779541016,20.091319096001502,20.7837051084948,80.99500442751325,74.7113349017924,0.0001618862152099,0.100674882531166,0.0504489360644591,8.43662917304755e-11,0.0504489359800928,647
2011-01-06 09:24:32,360.1813508513526,2,27,0.5501165986061096,3.8647115230560303,20.095905595589365,20.7837051084948,81.01271758990119,74.7113349017924,0.0001618862152099,0.100674882531166,0.0550354356523214,8.43662917304755e-11,0.0550354355679552,647
2011-01-06 09:25:02,390.1964528309017,2,27,0.5501165986061096,3.869729995727539,20.10049202147905,20.7837051084948,81.03045410919405,74.7113349017924,0.0001295089750783,0.100674882531166,0.0596218615420056,8.43662917304755e-11,0.0596218614576393,647
2011-01-06 09:25:32,420.21169596224433,2,27,0.5499359965324402,3.874748468399048,20.10507853962668,20.7837051084948,81.04821392052648,74.7113349017924,0.0001295089750783,0.100674882531166,0.0642083796896351,8.43662917304755e-11,0.0642083796052688,647
2011-01-06 09:26:02,450.2266946443444,2,27,0.5501165986061096,3.8794431686401367,20.109665040325545,20.7837051084948,81.06599579276983,74.7113349017924,0.0001618862152099,0.100674882531166,0.0687948803885021,8.43662917304755e-11,0.0687948803041358,647
2011-01-06 09:26:32,480.2418312702427,2,27,0.5501165986061096,3.883975982666016,20.114251521730377,20.7837051084948,81.08379923627305,74.7113349017924,9.713172767078504e-05,0.100674882531166,0.0733813617933343,8.43662917304755e-11,0.073381361708968,647
2011-01-06 09:27:02,510.25694666823466,2,27,0.5499359965324402,3.888508796691896,20.118838051573324,20.7837051084948,81.10162385563459,74.7113349017924,0.0001295089750783,0.100674882531166,0.0779678916362804,8.43662917304755e-11,0.0779678915519141,647
2011-01-06 09:27:32,540.2720526878528,2,27,0.5501165986061096,3.893041610717773,20.123424550094963,20.7837051084948,81.11946879489322,74.7113349017924,0.0001295089750783,0.100674882531166,0.0825543901579202,8.43662917304755e-11,0.0825543900735539,647
2011-01-06 09:28:02,570.2871696196675,2,27,0.5501165986061096,3.897250652313232,20.128011016336178,20.7837051084948,81.13733326851587,74.7113349017924,9.713172767078504e-05,0.100674882531166,0.0871408563991344,8.43662917304755e-11,0.0871408563147682,647
2011-01-06 09:28:32,600.3024367057127,2,27,0.5501165986061096,3.9014596939086914,20.132597495772817,20.7837051084948,81.15521692206566,74.7113349017924,0.0001618862152099,0.100674882531166,0.0917273358357739,8.43662917304755e-11,0.0917273357514076,647
2011-01-06 09:29:02,630.3174139092816,2,27,0.5499359965324402,3.905183076858521,20.13718397501053,20.7837051084948,81.17311923068209,74.7113349017924,9.713172767078504e-05,0.100674882531166,0.0963138150734863,8.43662917304755e-11,0.09631381498912,647
2011-01-06 09:29:32,660.3326604090195,2,27,0.5501165986061096,3.90906834602356,20.141770469949176,20.7837051084948,81.19103934831898,74.7113349017924,9.713172767078504e-05,0.100674882531166,0.1009003100121326,8.43662917304755e-11,0.1009003099277663,647
2011-01-06 09:30:02,690.3476471563743,2,27,0.5501165986061096,3.9126298427581774,20.146356921581432,20.7837051084948,81.20897626614483,74.7113349017924,9.713172767078504e-05,0.100674882531166,0.1054867616443893,8.43662917304755e-11,0.105486761560023,647
2011-01-06 09:30:32,720.363044993291,2,27,0.550297200679779,3.9161911010742174,20.15094339408172,20.7837051084948,81.2269294467418,74.7113349017924,0.0001295089750783,0.100674882531166,0.1100732341446786,8.43662917304755e-11,0.1100732340603123,647
2011-01-06 09:31:02,750.3779154808909,2,27,0.550297200679779,3.919590711593628,20.15552980107981,20.7837051084948,81.24489777756713,74.7113349017924,0.0001295089750783,0.100674882531166,0.1146596411427687,8.43662917304755e-11,0.1146596410584024,647
2011-01-06 09:31:32,780.393281744116,2,27,0.5499359965324402,3.9225046634674072,20.1601162525255,20.7837051084948,81.2628810611837,74.7113349017924,9.713172767078504e-05,0.100674882531166,0.1192460925884582,8.43662917304755e-11,0.1192460925040919,647
2011-01-06 09:32:02,810.4081290439248,2,27,0.5499359965324402,3.9254186153411865,20.16470267779737,20.7837051084948,81.28087830823638,74.7113349017924,6.47544875391759e-05,0.100674882531166,0.1238325178603254,8.43662917304755e-11,0.1238325177759591,647
2011-01-06 09:32:32,840.423285639594,2,27,0.5501165986061096,3.928494453430176,20.16928913884856,20.7837051084948,81.29888910667347,74.7113349017924,6.47544875391759e-05,0.100674882531166,0.1284189789115153,8.43662917304755e-11,0.128418978827149,647
2011-01-06 09:33:02,870.4383754889109,2,27,0.5499359965324402,3.930922746658325,20.173875609641613,20.7837051084948,81.31691280187128,74.7113349017924,3.237724376958795e-05,0.100674882531166,0.1330054497045694,8.43662917304755e-11,0.1330054496202031,647
2011-01-06 09:33:32,900.4537248048985,2,27,0.5501165986061096,3.933674812316896,20.17846212729955,20.7837051084948,81.33494892133228,74.7113349017924,6.47544875391759e-05,0.100674882531166,0.137591967362507,8.43662917304755e-11,0.1375919672781407,647
2011-01-06 09:34:02,930.4686228962954,2,27,0.5501165986061096,3.936264991760254,20.183048617858777,20.7837051084948,81.3529967899587,74.7113349017924,6.47544875391759e-05,0.100674882531166,0.1421784579217337,8.43662917304755e-11,0.1421784578373675,647
2011-01-06 09:34:32,960.483872353404,2,27,0.5501165986061096,3.938855171203613,20.187635140481905,20.7837051084948,81.37105630780684,74.7113349017924,6.47544875391759e-05,0.100674882531166,0.1467649805448623,8.43662917304755e-11,0.146764980460496,647
2011-01-06 09:35:02,990.498852163469,2,27,0.550297200679779,3.941283464431762,20.192221586915178,20.7837051084948,81.38912697873772,74.7113349017924,9.713172767078504e-05,0.100674882531166,0.1513514269781346,8.43662917304755e-11,0.1513514268937683,647
2011-01-06 09:35:32,1020.513972884728,2,27,0.5501165986061096,3.943549871444702,20.19680808441112,20.7837051084948,81.40720896329422,74.7113349017924,6.47544875391759e-05,0.100674882531166,0.1559379244740775,8.43662917304755e-11,0.1559379243897112,647
2011-01-06 09:36:02,1050.5290728843424,2,27,0.5501165986061096,3.9461400508880615,20.201394561472945,20.7837051084948,81.42530183241118,74.7113349017924,9.713172767078504e-05,0.100674882531166,0.1605244015359019,8.43662917304755e-11,0.1605244014515356,647
2011-01-06 09:36:32,1080.544352752244,2,27,0.550297200679779,3.948406457901001,20.2059809734206,20.7837051084948,81.44340509542477,74.7113349017924,6.47544875391759e-05,0.100674882531166,0.1651108134835581,8.43662917304755e-11,0.1651108133991918,647
2011-01-06 09:37:02,1110.559289705497,2,27,0.5501165986061096,3.9508347511291504,20.210567349458188,20.7837051084948,81.4615190084215,74.7113349017924,9.713172767078504e-05,0.100674882531166,0.1696971895211447,8.43662917304755e-11,0.1696971894367784,647
2011-01-06 09:37:32,1140.5744486821,2,27,0.5501165986061096,3.95293927192688,20.215153799937564,20.7837051084948,81.4796439558316,74.7113349017924,6.47544875391759e-05,0.100674882531166,0.174283640000521,8.43662917304755e-11,0.1742836399161547,647
2011-01-06 09:38:02,1170.5895363710324,2,27,0.5499359965324402,3.9552056789398193,20.219740238821498,20.7837051084948,81.4977793359793,74.7113349017924,6.47544875391759e-05,0.100674882531166,0.1788700788844544,8.43662917304755e-11,0.1788700788000881,647
2011-01-06 09:38:32,1200.604888213316,2,27,0.5501165986061096,3.9576339721679688,20.224326989102988,20.7837051084948,81.5159263774921,74.7113349017924,6.47544875391759e-05,0.100674882531166,0.1834568291659444,8.43662917304755e-11,0.1834568290815781,647
2011-01-06 09:39:02,1230.619783993954,2,27,0.5499359965324402,3.959738492965698,20.22891415155803,20.7837051084948,81.53408543171868,74.7113349017924,3.237724376958795e-05,0.100674882531166,0.1880439916209866,8.43662917304755e-11,0.1880439915366203,647
2011-01-06 09:39:32,1260.6350165439248,2,27,0.5499359965324402,3.9620048999786377,20.233501444502377,20.7837051084948,81.5522554008827,74.7113349017924,6.47544875391759e-05,0.100674882531166,0.1926312845653335,8.43662917304755e-11,0.1926312844809672,647
2011-01-06 09:40:02,1290.6500161884237,2,27,0.550297200679779,3.964271306991577,20.238088716077385,20.7837051084948,81.57043555258507,74.7113349017924,3.237724376958795e-05,0.100674882531166,0.1972185561403421,8.43662917304755e-11,0.1972185560559758,647
2011-01-06 09:40:32,1320.6673439102071,2,27,0.5501165986061096,3.9665377140045166,20.242676057327067,20.7837051084948,81.58862614975324,74.7113349017924,6.47544875391759e-05,0.100674882531166,0.2018058973900238,8.43662917304755e-11,0.2018058973056575,647
2011-01-06 09:41:02,1350.681991983482,2,27,0.5501165986061096,3.968642234802246,20.24726243318276,20.7837051084948,81.60682293683172,74.7113349017924,6.47544875391759e-05,0.100674882531166,0.2063922732457186,8.43662917304755e-11,0.2063922731613523,647
2011-01-06 09:41:32,1380.6955169776984,2,27,0.5501165986061096,3.9709086418151855,20.25184868687852,20.7837051084948,81.62502940135471,74.7113349017924,6.47544875391759e-05,0.100674882531166,0.2109785269414779,8.43662917304755e-11,0.2109785268571116,647
2011-01-06 09:42:02,1410.7104973241,2,27,0.550297200679779,3.973175048828125,20.25643516394121,20.7837051084948,81.64324680403818,74.7113349017924,9.713172767078504e-05,0.100674882531166,0.2155650040041656,8.43662917304755e-11,0.2155650039197993,647
2011-01-06 09:42:32,1440.725631413677,2,27,0.5495747923851013,3.975117683410645,20.261021701293465,20.7837051084948,81.66147444213463,74.7113349017924,0.0,0.100674882531166,0.2201515413564223,8.43662917304755e-11,0.220151541272056,647
2011-01-06 09:43:02,1470.7407346964744,2,27,0.5501165986061096,3.977384090423584,20.26560820038524,20.7837051084948,81.67971190109401,74.7113349017924,3.237724376958795e-05,0.100674882531166,0.224738040448198,8.43662917304755e-11,0.2247380403638317,647
2011-01-06 09:43:32,1500.7558891568217,2,27,0.5501165986061096,3.979650497436523,20.270194638540424,20.7837051084948,81.69795864457916,74.7113349017924,9.713172767078504e-05,0.100674882531166,0.229324478603381,8.43662917304755e-11,0.2293244785190147,647
2011-01-06 09:44:02,1530.7709670312934,2,27,0.550297200679779,3.981755018234253,20.274781001630487,20.7837051084948,81.71621536333338,74.7113349017924,6.47544875391759e-05,0.100674882531166,0.2339108416934436,8.43662917304755e-11,0.2339108416090773,647
2011-01-06 09:44:32,1560.7861132310527,2,27,0.5499359965324402,3.9838595390319824,20.279367417351423,20.7837051084948,81.73448215714522,74.7113349017924,3.237724376958795e-05,0.100674882531166,0.2384972574143802,8.43662917304755e-11,0.2384972573300139,647
2011-01-06 09:45:03,1590.8012125790433,2,27,0.5501165986061096,3.985964059829712,20.28395373996552,20.7837051084948,81.75275841570976,74.7113349017924,3.237724376958795e-05,0.100674882531166,0.2430835800284754,8.43662917304755e-11,0.2430835799441091,647
2011-01-06 09:45:33,1620.816448763071,2,27,0.5501165986061096,3.9882304668426514,20.28854010375726,20.7837051084948,81.77104470190491,74.7113349017924,6.47544875391759e-05,0.100674882531166,0.2476699438202168,8.43662917304755e-11,0.2476699437358505,647
2011-01-06 09:46:03,1650.8314439464511,2,27,0.5501165986061096,3.990334987640381,20.29312645256924,20.7837051084948,81.78934055181413,74.7113349017924,6.47544875391759e-05,0.100674882531166,0.2522562926321932,8.43662917304755e-11,0.2522562925478269,647
2011-01-06 09:46:33,1680.846583068571,2,27,0.5501165986061096,3.992277622222901,20.297712768118824,20.7837051084948,81.80764595001173,74.7113349017924,6.47544875391759e-05,0.100674882531166,0.2568426081817812,8.43662917304755e-11,0.2568426080974149,647
2011-01-06 09:47:03,1710.8616866070051,2,27,0.5497553944587708,3.994381904602051,20.30229919205456,20.7837051084948,81.82596149680465,74.7113349017924,3.237724376958795e-05,0.100674882531166,0.2614290321175154,8.43662917304755e-11,0.2614290320331491,647
2011-01-06 09:47:33,1740.8768060951911,2,27,0.5499359965324402,3.99648642539978,20.30688557626356,20.7837051084948,81.84428657261684,74.7113349017924,3.237724376958795e-05,0.100674882531166,0.2660154163265176,8.43662917304755e-11,0.2660154162421513,647
2011-01-06 09:48:03,1770.8919361747742,2,27,0.5501165986061096,3.9985909461975098,20.31147194144532,20.7837051084948,81.86262128976635,74.7113349017924,3.237724376958795e-05,0.100674882531166,0.2706017815082759,8.43662917304755e-11,0.2706017814239096,647
2011-01-06 09:48:33,1800.9070454725622,2,27,0.550297200679779,4.001019477844238,20.316058267343124,20.7837051084948,81.88096546706383,74.7113349017924,9.71794142969884e-05,0.100674882531166,0.2751881074060804,8.43662917304755e-11,0.2751881073217141,647
2011-01-06 09:49:03,1830.9221520134795,2,27,0.5501165986061096,4.002962112426758,20.320644617970625,20.7837051084948,81.89931950768086,74.7113349017924,6.47544875391759e-05,0.100674882531166,0.2797744580335823,8.43662917304755e-11,0.279774457949216,647
2011-01-06 09:49:33,1860.9374026184487,2,27,0.5501165986061096,4.005228519439697,20.32523101853505,20.7837051084948,81.9176835581891,74.7113349017924,9.71794142969884e-05,0.100674882531166,0.2843608585980064,8.43662917304755e-11,0.2843608585136401,647
2011-01-06 09:50:03,1890.952420087372,2,27,0.5501165986061096,4.007171154022217,20.32981746596744,20.7837051084948,81.93605759749045,74.7113349017924,3.24249267578125e-05,0.100674882531166,0.2889473060303977,8.43662917304755e-11,0.2889473059460314,647
2011-01-06 09:50:33,1920.967522172183,2,27,0.5501165986061096,4.009275436401367,20.334403894764808,20.7837051084948,81.95444138274125,74.7113349017924,6.47544875391759e-05,0.100674882531166,0.2935337348277649,8.43662917304755e-11,0.2935337347433986,647
2011-01-06 09:51:03,1950.9826344925043,2,27,0.5501165986061096,4.011541843414307,20.33899024800996,20.7837051084948,81.97283475341727,74.7113349017924,6.47544875391759e-05,0.100674882531166,0.2981200880729169,8.43662917304755e-11,0.2981200879885506,647
2011-01-06 09:51:33,1980.997899112403,2,27,0.5501165986061096,4.013646602630615,20.34357669234225,20.7837051084948,81.99123846932628,74.7113349017924,3.24249267578125e-05,0.100674882531166,0.3027065324052067,8.43662917304755e-11,0.3027065323208404,647
2011-01-06 09:52:03,2011.012895198032,2,27,0.5501165986061096,4.015913009643555,20.34816309682108,20.7837051084948,82.00965198810194,74.7113349017924,6.47544875391759e-05,0.100674882531166,0.3072929368840356,8.43662917304755e-11,0.3072929367996693,647
2011-01-06 09:52:33,2041.028136098816,2,27,0.5501165986061096,4.018017292022705,20.35274953388271,20.7837051084948,82.02807575613186,74.7113349017924,3.23295607813634e-05,0.100674882531166,0.3118793739456684,8.43662917304755e-11,0.3118793738613021,647
2011-01-06 09:53:03,2071.045362447948,2,27,0.5501165986061096,4.0202836990356445,20.35733621279621,20.7837051084948,82.04651052819294,74.7113349017924,6.47544875391759e-05,0.100674882531166,0.316466052859166,8.43662917304755e-11,0.3164660527747998,647
2011-01-06 09:53:33,2101.0582322041087,2,27,0.5501165986061096,4.022550106048584,20.361922293507817,20.7837051084948,82.06495310798435,74.7113349017924,3.23295607813634e-05,0.100674882531166,0.3210521335707739,8.43662917304755e-11,0.3210521334864076,647
2011-01-06 09:54:03,2131.07334673494,2,27,0.5501165986061096,4.024816513061523,20.36650864173106,20.7837051084948,82.08340706942651,74.7113349017924,9.70840483205393e-05,0.100674882531166,0.3256384817940159,8.43662917304755e-11,0.3256384817096496,647
2011-01-06 09:54:33,2161.088612412474,2,27,0.5499359965324402,4.026921272277832,20.37109501175862,20.7837051084948,82.10187152460371,74.7113349017924,0.0,0.100674882531166,0.3302248518215762,8.43662917304755e-11,0.3302248517372099,647
2011-01-06 09:55:03,2191.103602788874,2,27,0.5499359965324402,4.029349327087402,20.37568137660213,20.7837051084948,82.12034647088748,74.7113349017924,3.23295607813634e-05,0.100674882531166,0.3348112166650878,8.43662917304755e-11,0.3348112165807215,647
2011-01-06 09:55:33,2221.1188301007896,2,27,0.5499359965324402,4.031615734100342,20.380267753333964,20.7837051084948,82.13883190064223,74.7113349017924,3.23295607813634e-05,0.100674882531166,0.3393975933969209,8.43662917304755e-11,0.3393975933125546,647
2011-01-06 09:56:03,2251.133815705296,2,27,0.5499359965324402,4.03404426574707,20.384854117751942,20.7837051084948,82.15732794852464,74.7113349017924,6.47544875391759e-05,0.100674882531166,0.3439839578148991,8.43662917304755e-11,0.3439839577305328,647
2011-01-06 09:56:33,2281.1490802099074,2,27,0.5501165986061096,4.036310195922852,20.389440526271702,20.7837051084948,82.17583480150964,74.7113349017924,6.47544875391759e-05,0.100674882531166,0.3485703663346591,8.43662917304755e-11,0.3485703662502928,647
2011-01-06 09:57:03,2311.164054897205,2,27,0.5499359965324402,4.03873872756958,20.3940268909474,20.7837051084948,82.19435240780615,74.7113349017924,6.47544875391759e-05,0.100674882531166,0.3531567310103582,8.43662917304755e-11,0.353156730925992,647
2011-01-06 09:57:33,2341.179177588374,2,27,0.5501165986061096,4.04132890701294,20.39861335904989,20.7837051084948,82.212881451617,74.7113349017924,0.0001295089750783,0.100674882531166,0.3577431991128463,8.43662917304755e-11,0.35774319902848,647
2011-01-06 09:58:03,2371.1942919136923,2,27,0.550297200679779,4.043595314025879,20.403199724749378,20.7837051084948,82.23142117540402,74.7113349017924,6.47544875391759e-05,0.100674882531166,0.3623295648123346,8.43662917304755e-11,0.3623295647279683,647
2011-01-06 09:58:33,2401.209563215244,2,27,0.5499359965324402,4.046023368835449,20.407786141350343,20.7837051084948,82.24997231776096,74.7113349017924,6.47544875391759e-05,0.100674882531166,0.3669159814132996,8.43662917304755e-11,0.3669159813289333,647
2011-01-06 09:59:03,2431.2245307146272,2,27,0.5499359965324402,4.048613548278809,20.41237253587015,20.7837051084948,82.26853474591995,74.7113349017924,6.47544875391759e-05,0.100674882531166,0.3715023759331082,8.43662917304755e-11,0.3715023758487419,647
2011-01-06 09:59:33,2461.2397780715014,2,27,0.5499359965324402,4.050879955291748,20.41695904114212,20.7837051084948,82.28710905961671,74.7113349017924,3.23295607813634e-05,0.100674882531166,0.376088881205078,8.43662917304755e-11,0.3760888811207117,647
2011-01-06 10:00:03,2491.254769470449,2,27,0.550297200679779,4.0536322593688965,20.42154538502283,20.7837051084948,82.30569426553284,74.7113349017924,6.47544875391759e-05,0.100674882531166,0.3806752250857883,8.43662917304755e-11,0.380675225001422,647
2011-01-06 10:00:33,2521.270032235726,2,27,0.5501165986061096,4.056060314178467,20.42613187365469,20.7837051084948,82.32429183552372,74.7113349017924,6.47544875391759e-05,0.100674882531166,0.3852617137176466,8.43662917304755e-11,0.3852617136332803,647
2011-01-06 10:01:03,2551.2850130182146,2,27,0.5501165986061096,4.058650493621826,20.430718273745505,20.7837051084948,82.34290088122425,74.7113349017924,6.47544875391759e-05,0.100674882531166,0.3898481138084619,8.43662917304755e-11,0.3898481137240956,647
2011-01-06 10:01:33,2581.300385000694,2,27,0.5501165986061096,4.061402797698975,20.435304794787204,20.7837051084948,82.36152221956134,74.7113349017924,0.0001295089750783,0.100674882531166,0.3944346348501604,8.43662917304755e-11,0.3944346347657941,647
2011-01-06 10:02:03,2611.3152678190254,2,27,0.550297200679779,4.063992977142334,20.439891146295498,20.7837051084948,82.38015482337869,74.7113349017924,6.47544875391759e-05,0.100674882531166,0.3990209863584546,8.43662917304755e-11,0.3990209862740883,647
2011-01-06 10:02:33,2641.3305457370675,2,27,0.5501165986061096,4.066583156585693,20.444477514357523,20.7837051084948,82.39879975681943,74.7113349017924,6.47544875391759e-05,0.100674882531166,0.4036073544204797,8.43662917304755e-11,0.4036073543361134,647
2011-01-06 10:03:03,2671.345488048675,2,27,0.5501165986061096,4.069334983825684,20.449063808837064,20.7837051084948,82.41745672732995,74.7113349017924,6.47544875391759e-05,0.100674882531166,0.4081936489000206,8.43662917304755e-11,0.4081936488156543,647
2011-01-06 10:03:33,2701.3609077049723,2,27,0.5499359965324402,4.071925163269043,20.45365027573949,20.7837051084948,82.43612685179,74.7113349017924,3.23295607813634e-05,0.100674882531166,0.4127801158024482,8.43662917304755e-11,0.4127801157180819,647
2011-01-06 10:04:03,2731.3757090101485,2,27,0.550297200679779,4.074839115142822,20.45823663275252,20.7837051084948,82.45480908219474,74.7113349017924,6.47544875391759e-05,0.100674882531166,0.4173664728154769,8.43662917304755e-11,0.4173664727311106,647
2011-01-06 10:04:33,2761.390855485595,2,27,0.5501165986061096,4.077753067016602,20.462823040598288,20.7837051084948,82.47350422492643,74.7113349017924,0.0001295089750783,0.100674882531166,0.4219528806612445,8.43662917304755e-11,0.4219528805768782,647
2011-01-06 10:05:03,2791.4059390843336,2,27,0.5501165986061096,4.08050537109375,20.46740942924335,20.7837051084948,82.49221221870043,74.7113349017924,9.71794142969884e-05,0.100674882531166,0.426539269306307,8.43662917304755e-11,0.4265392692219407,647
2011-01-06 10:05:33,2821.4212029874457,2,27,0.5501165986061096,4.083419322967529,20.47199589467196,20.7837051084948,82.51093351411419,74.7113349017924,0.0001295089750783,0.100674882531166,0.4311257347349162,8.43662917304755e-11,0.4311257346505499,647
2011-01-06 10:06:03,2851.4361760857832,2,27,0.5499359965324402,4.08617115020752,20.47658229982991,20.7837051084948,82.52966776634857,74.7113349017924,9.70840483205393e-05,0.100674882531166,0.4357121398928676,8.43662917304755e-11,0.4357121398085013,647
2011-01-06 10:06:33,2881.451309503686,2,27,0.550297200679779,4.089085102081299,20.481168615926663,20.7837051084948,82.54841485879197,74.7113349017924,9.70840483205393e-05,0.100674882531166,0.4402984559896197,8.43662917304755e-11,0.4402984559052534,647
2011-01-06 10:07:03,2911.466413543369,2,27,0.5501165986061096,4.091999053955078,20.485755100564603,20.7837051084948,82.56717613389517,74.7113349017924,9.70840483205393e-05,0.100674882531166,0.4448849406275599,8.43662917304755e-11,0.4448849405431936,647
2011-01-06 10:07:33,2941.481667190922,2,27,0.5501165986061096,4.094913005828857,20.490341605604986,20.7837051084948,82.58595101198163,74.7113349017924,6.47544875391759e-05,0.100674882531166,0.4494714456679425,8.43662917304755e-11,0.4494714455835762,647
2011-01-06 10:08:03,2971.4966796122644,2,27,0.5501165986061096,4.097989082336426,20.49492806634656,20.7837051084948,82.60473932981449,74.7113349017924,9.71794142969884e-05,0.100674882531166,0.4540579064095169,8.43662917304755e-11,0.4540579063251506,647
2011-01-06 10:08:33,3001.511919315062,2,27,0.550297200679779,4.101064682006836,20.499514552602925,20.7837051084948,82.62354158830885,74.7113349017924,6.47544875391759e-05,0.100674882531166,0.4586443926658816,8.43662917304755e-11,0.4586443925815153,647
2011-01-06 10:09:03,3031.5269102678985,2,27,0.5501165986061096,4.103978633880615,20.504100952732475,20.7837051084948,82.64235733070804,74.7113349017924,6.47544875391759e-05,0.100674882531166,0.4632307927954322,8.43662917304755e-11,0.4632307927110659,647
2011-01-06 10:09:33,3061.542033630741,2,27,0.5501165986061096,4.107054710388184,20.50868733580767,20.7837051084948,82.66118712704417,74.7113349017924,6.47544875391759e-05,0.100674882531166,0.4678171758706284,8.43662917304755e-11,0.4678171757862621,647
2011-01-06 10:10:03,3091.55725417078,2,27,0.550297200679779,4.110292434692383,20.51327377912491,20.7837051084948,82.6800314003177,74.7113349017924,9.71794142969884e-05,0.100674882531166,0.4724036191878653,8.43662917304755e-11,0.472403619103499,647
2011-01-06 10:10:33,3121.5724854826644,2,27,0.5499359965324402,4.113206386566162,20.517860258815528,20.7837051084948,82.69889030531814,74.7113349017924,6.47544875391759e-05,0.100674882531166,0.4769900988784847,8.43662917304755e-11,0.4769900987941184,647
2011-01-06 10:11:03,3151.587498395232,2,27,0.5501165986061096,4.116605758666992,20.52244663819233,20.7837051084948,82.71776329836558,74.7113349017924,9.71794142969884e-05,0.100674882531166,0.4815764782552882,8.43662917304755e-11,0.481576478170922,647
2011-01-06 10:11:33,3181.602528084611,2,27,0.5501165986061096,4.119843482971191,20.52703309244322,20.7837051084948,82.7366512289683,74.7113349017924,0.0001295089750783,0.100674882531166,0.4861629325061756,8.43662917304755e-11,0.4861629324218093,647
2011-01-06 10:12:03,3211.617655978748,2,27,0.5501165986061096,4.122919082641602,20.53161953499028,20.7837051084948,82.75555391698055,74.7113349017924,6.47544875391759e-05,0.100674882531166,0.4907493750532374,8.43662917304755e-11,0.4907493749688711,647
2011-01-06 10:12:33,3241.634931660832,2,27,0.5501165986061096,4.12631893157959,20.536206286207555,20.7837051084948,82.77447272464502,74.7113349017924,9.71794142969884e-05,0.100674882531166,0.4953361262705122,8.43662917304755e-11,0.495336126186146,647
2011-01-06 10:13:03,3271.6495954633083,2,27,0.5501165986061096,4.12971830368042,20.54079260625057,20.7837051084948,82.79340470650514,74.7113349017924,9.70840483205393e-05,0.100674882531166,0.4999224463135263,8.43662917304755e-11,0.49992244622916,647
2011-01-06 10:13:33,3301.6631151843826,2,27,0.5499359965324402,4.132794380187988,20.545378816680607,20.7837051084948,82.81235140755811,74.7113349017924,6.47544875391759e-05,0.100674882531166,0.5045086567435639,8.43662917304755e-11,0.5045086566591976,647
2011-01-06 10:14:03,3331.678088413045,2,27,0.550297200679779,4.136193752288818,20.54996523994817,20.7837051084948,82.83131412805344,74.7113349017924,6.47544875391759e-05,0.100674882531166,0.5090950800111251,8.43662917304755e-11,0.5090950799267588,647
2011-01-06 10:14:33,3361.693229730636,2,27,0.5499359965324402,4.139431476593018,20.55455173162881,20.7837051084948,82.85029252382091,74.7113349017924,6.47544875391759e-05,0.100674882531166,0.513681571691766,8.43662917304755e-11,0.5136815716073997,647
2011-01-06 10:15:03,3391.708326056093,2,27,0.5501165986061096,4.142992973327637,20.559138225423087,20.7837051084948,82.86928650565504,74.7113349017924,9.70840483205393e-05,0.100674882531166,0.5182680654860441,8.43662917304755e-11,0.5182680654016778,647
2011-01-06 10:15:33,3421.7235677288013,2,27,0.5499359965324402,4.146554470062256,20.56372463963365,20.7837051084948,82.88829601283767,74.7113349017924,9.70840483205393e-05,0.100674882531166,0.5228544796966084,8.43662917304755e-11,0.5228544796122421,647
2011-01-06 10:16:03,3451.738592525988,2,27,0.5499359965324402,4.149954319000244,20.568311082329124,20.7837051084948,82.90732171183778,74.7113349017924,9.71794142969884e-05,0.100674882531166,0.5274409223920813,8.43662917304755e-11,0.527440922307715,647
2011-01-06 10:16:33,3481.75369585891,2,27,0.5501165986061096,4.153677463531494,20.572897547715183,20.7837051084948,82.92636347658633,74.7113349017924,0.0001295089750783,0.100674882531166,0.5320273877781396,8.43662917304755e-11,0.5320273876937733,647
2011-01-06 10:17:04,3511.768799267019,2,27,0.550297200679779,4.157077312469482,20.577483995738937,20.7837051084948,82.94542114682348,74.7113349017924,0.0001295089750783,0.100674882531166,0.5366138358018944,8.43662917304755e-11,0.5366138357175281,647
2011-01-06 10:17:34,3541.7839252413705,2,27,0.5501165986061096,4.160638809204102,20.58207036273349,20.7837051084948,82.9644947770071,74.7113349017924,9.71794142969884e-05,0.100674882531166,0.5412002027964462,8.43662917304755e-11,0.5412002027120799,647
2011-01-06 10:18:04,3571.7990423837105,2,27,0.5499359965324402,4.164200305938721,20.58665674851968,20.7837051084948,82.9835848781512,74.7113349017924,0.0001295089750783,0.100674882531166,0.545786588582633,8.43662917304755e-11,0.5457865884982667,647
2011-01-06 10:18:34,3601.8141594358244,2,27,0.5501165986061096,4.16776180267334,20.59124320650809,20.7837051084948,83.00269165939706,74.7113349017924,0.0001295089750783,0.100674882531166,0.5503730465710461,8.43662917304755e-11,0.5503730464866798,647
2011-01-06 10:19:04,3631.8292536159342,2,27,0.5499359965324402,4.17148494720459,20.59582960434796,20.7837051084948,83.0218149238688,74.7113349017924,9.70840483205393e-05,0.100674882531166,0.5549594444109154,8.43662917304755e-11,0.5549594443265491,647
2011-01-06 10:19:34,3661.8445618545456,2,27,0.550297200679779,4.175208568572998,20.60041604560428,20.7837051084948,83.04095520019698,74.7113349017924,0.0001295089750783,0.100674882531166,0.5595458856672337,8.43662917304755e-11,0.5595458855828674,647
2011-01-06 10:20:04,3691.859533133348,2,27,0.5501165986061096,4.178607940673828,20.605002480096186,20.7837051084948,83.06011229312804,74.7113349017924,9.70840483205393e-05,0.100674882531166,0.5641323201591426,8.43662917304755e-11,0.5641323200747763,647
2011-01-06 10:20:34,3721.8748136979857,2,27,0.5499359965324402,4.182331562042236,20.609589000176463,20.7837051084948,83.07928672638245,74.7113349017924,6.47544875391759e-05,0.100674882531166,0.5687188402394199,8.43662917304755e-11,0.5687188401550536,647
2011-01-06 10:21:04,3751.889779107159,2,27,0.5499359965324402,4.186216831207275,20.61417541319637,20.7837051084948,83.09847784943948,74.7113349017924,9.71794142969884e-05,0.100674882531166,0.5733052532593277,8.43662917304755e-11,0.5733052531749614,647
2011-01-06 10:21:34,3781.9051331800033,2,27,0.5501165986061096,4.189939975738525,20.61876181818695,20.7837051084948,83.11768622433662,74.7113349017924,9.70840483205393e-05,0.100674882531166,0.5778916582499072,8.43662917304755e-11,0.5778916581655409,647
2011-01-06 10:22:04,3811.9200140935873,2,27,0.5501165986061096,4.1938252449035645,20.62334822793366,20.7837051084948,83.13691196198462,74.7113349017924,9.70840483205393e-05,0.100674882531166,0.5824780679966182,8.43662917304755e-11,0.5824780679122519,647
2011-01-06 10:22:34,3841.935139767189,2,27,0.5501165986061096,4.197710514068604,20.62793471881028,20.7837051084948,83.156155595014,74.7113349017924,0.0001295089750783,0.100674882531166,0.5870645588732373,8.43662917304755e-11,0.587064558788871,647
2011-01-06 10:22:51,3859.5600723021225,2,27,0.5501165986061096,4.200138568878174,20.630627840946232,20.7837051084948,83.16746340725288,74.7113349017924,0.0001295089750783,0.100674882531166,0.5897576810091891,8.43662917304755e-11,0.5897576809248228,647
2011-01-06 10:23:21,30.01531226865418,3,27,0.0,4.097826957702637,20.630627840946232,20.7837051084948,83.16746340725288,74.7113349017924,-0.0004857063177041,0.100674882531166,0.5897576810091891,8.43662917304755e-11,0.5897576809248228,647
2011-01-06 10:23:51,60.03024813920849,3,27,0.0,4.084714412689209,20.630627840946232,20.7837051084948,83.16746340725288,74.7113349017924,-0.0002913475036621,0.100674882531166,0.5897576810091891,8.43662917304755e-11,0.5897576809248228,647
2011-01-06 10:24:21,90.04534849470988,3,27,0.0,4.076457977294922,20.630627840946232,20.7837051084948,83.16746340725288,74.7113349017924,-0.0001942634553415,0.100674882531166,0.5897576810091891,8.43662917304755e-11,0.5897576809248228,647
2011-01-06 10:24:51,120.01360232926676,3,27,0.0,4.071115970611572,20.630627840946232,20.7837051084948,83.16746340725288,74.7113349017924,-9.70840483205393e-05,0.100674882531166,0.5897576810091891,8.43662917304755e-11,0.5897576809248228,647
2011-01-06 10:24:52,2.581433727e-06,4,27,1.037039279937744,4.199976921081543,20.63062784168985,20.7837051084948,83.16746341037609,74.7113349017924,0.0,0.100674882531166,0.5897576817528076,8.43662917304755e-11,0.5897576816684413,647
2011-01-06 10:24:52,0.406257187914495,4,27,0.9855656027793884,4.199814796447754,20.630740621305144,20.7837051084948,83.1679370685913,74.7113349017924,-3.24249267578125e-05,0.100674882531166,0.5898704613681005,8.43662917304755e-11,0.5898704612837342,647
2011-01-06 10:24:54,2.031239017628551,4,27,0.9348143935203552,4.199653148651123,20.63117286086763,20.7837051084948,83.16975240918444,74.7113349017924,-6.47544875391759e-05,0.100674882531166,0.5903027009305859,8.43662917304755e-11,0.5903027008462196,647
2011-01-06 10:24:56,4.656220674604398,4,27,0.8847855925559998,4.199814796447754,20.63183522823088,20.7837051084948,83.17253425897815,74.7113349017924,3.23295607813634e-05,0.100674882531166,0.5909650682938334,8.43662917304755e-11,0.5909650682094671,647
2011-01-06 10:25:00,8.296733317267652,4,27,0.8347568511962891,4.199814796447754,20.632703579796253,20.7837051084948,83.17618120729837,74.7113349017924,0.0,0.100674882531166,0.5918334198592099,8.43662917304755e-11,0.5918334197748436,647
2011-01-06 10:25:05,13.173845351105832,4,27,0.7845474481582642,4.199814796447754,20.633799170873207,20.7837051084948,83.1807825471296,74.7113349017924,0.0,0.100674882531166,0.5929290109361638,8.43662917304755e-11,0.5929290108517975,647
2011-01-06 10:25:11,19.46848208265215,4,27,0.7345187067985535,4.199814796447754,20.635125496143583,20.7837051084948,83.18635294986787,74.7113349017924,-3.24249267578125e-05,0.100674882531166,0.5942553362065404,8.43662917304755e-11,0.5942553361221741,647
2011-01-06 10:25:19,27.70266006778432,4,27,0.684489905834198,4.199814796447754,20.6367457942553,20.7837051084948,83.19315800425031,74.7113349017924,-3.24249267578125e-05,0.100674882531166,0.5958756343182579,8.43662917304755e-11,0.5958756342338916,647
2011-01-06 10:25:30,38.8587224328326,4,27,0.6344611644744873,4.199814796447754,20.63878527518393,20.7837051084948,83.20172358953312,74.7113349017924,-3.24249267578125e-05,0.100674882531166,0.597915115246888,8.43662917304755e-11,0.5979151151625217,647
2011-01-06 10:25:47,55.03033350350103,4,27,0.5844323635101318,4.199814796447754,20.641515169223297,20.7837051084948,83.21318883197105,74.7113349017924,-3.24249267578125e-05,0.100674882531166,0.6006450092862536,8.43662917304755e-11,0.6006450092018873,647
2011-01-06 10:26:13,81.23301586531046,4,27,0.5344036221504211,4.199814796447754,20.64557163571243,20.7837051084948,83.23022554931929,74.7113349017924,0.0,0.100674882531166,0.6047014757753857,8.43662917304755e-11,0.6047014756910194,647
2011-01-06 10:27:04,132.0446603727752,4,27,0.484374850988388,4.199814796447754,20.652723610123104,20.7837051084948,83.2602629910512,74.7113349017924,0.0,0.100674882531166,0.6118534501860609,8.43662917304755e-11,0.6118534501016946,647
2011-01-06 10:28:36,224.136882561538,4,27,0.4341654479503631,4.199653148651123,20.664435006023744,20.7837051084948,83.30944930183558,74.7113349017924,-3.23295607813634e-05,0.100674882531166,0.6235648460867012,8.43662917304755e-11,0.6235648460023349,647
2011-01-06 10:30:46,354.00967743722816,4,27,0.3841366767883301,4.199653148651123,20.679186659928018,20.7837051084948,83.37140432961247,74.7113349017924,-3.23295607813634e-05,0.100674882531166,0.6383164999909745,8.43662917304755e-11,0.6383164999066082,647
2011-01-06 10:33:23,511.0851703314414,4,27,0.3337467014789581,4.199653148651123,20.69484230727392,20.7837051084948,83.43715640831437,74.7113349017924,-6.47544875391759e-05,0.100674882531166,0.6539721473368765,8.43662917304755e-11,0.6539721472525102,647
2011-01-06 10:36:32,700.7226082517196,4,27,0.283717930316925,4.199814796447754,20.71108733751383,20.7837051084948,83.50538380549612,74.7113349017924,0.0,0.100674882531166,0.670217177576788,8.43662917304755e-11,0.6702171774924217,647
2011-01-06 10:40:25,933.4532239003362,4,27,0.2336891591548919,4.199814796447754,20.727775576049464,20.7837051084948,83.57547264704027,74.7113349017924,-3.24249267578125e-05,0.100674882531166,0.6869054161124204,8.43662917304755e-11,0.6869054160280541,647
2011-01-06 10:45:22,1230.479604413307,4,27,0.1836603879928589,4.199976921081543,20.74493790492541,20.7837051084948,83.64755276561662,74.7113349017924,3.24249267578125e-05,0.100674882531166,0.7040677449883681,8.43662917304755e-11,0.7040677449040018,647
2011-01-06 10:52:12,1640.8474307736203,4,27,0.1332703977823257,4.199814796447754,20.76288677857547,20.7837051084948,83.72293611970878,74.7113349017924,-3.24249267578125e-05,0.100674882531166,0.7220166186384276,8.43662917304755e-11,0.7220166185540613,647
2011-01-06 11:03:19,2306.9301223395228,4,27,0.0832416340708732,4.199653148651123,20.78256289360769,20.7837051084948,83.80557368672692,74.7113349017924,-6.47544875391759e-05,0.100674882531166,0.7416927336706465,8.43662917304755e-11,0.7416927335862802,647
2011-01-06 11:17:18,3146.587692410315,4,27,0.0498289167881011,4.199976921081543,20.797738064918025,20.7837051084948,83.86930774738359,74.7113349017924,3.24249267578125e-05,0.100674882531166,0.7568679049809823,8.43662917304755e-11,0.756867904896616,647
2011-01-06 11:17:48,30.01733702998241,5,27,0.0,4.190425872802734,20.797738064918025,20.7837051084948,83.86930774738359,74.7113349017924,0.0,0.100674882531166,0.7568679049809823,8.43662917304755e-11,0.756867904896616,647
2011-01-06 11:18:18,60.01681064884789,5,27,0.0,4.188807010650635,20.797738064918025,20.7837051084948,83.86930774738359,74.7113349017924,-3.23295607813634e-05,0.100674882531166,0.7568679049809823,8.43662917304755e-11,0.756867904896616,647
2011-01-06 11:18:19,0.187617595777168,6,27,-1.9243103452026844e-05,4.188807010650635,20.797738064918025,20.783705109497667,83.86930774738359,74.71133490599324,0.0,0.106165811419487,0.7568679049809823,1.087236967123317e-09,0.7568679038937454,647
2011-01-06 11:18:24,5.015525512816558,6,27,0.0007031940040178,4.188807010650635,20.797738953230507,20.78370510958068,83.86931146843291,74.71133490634097,-3.23295607813634e-05,0.106165811419487,0.7568687932934637,1.1702496749421696e-09,0.756868792123214,647
2011-01-06 11:18:45,21.53100611215645,7,27,-1.099568486213684,3.988716125488281,20.797738953230507,20.790281212907896,83.86931146843291,74.73771252027761,-0.0014569282066076,0.106165811419487,0.7568687932934637,0.0065761044974657,0.750292688795998,647
2011-01-06 11:19:15,51.54601332050649,7,27,-1.099568486213684,3.945654392242432,20.797738953230507,20.799448474672484,83.86931146843291,74.77407107213668,-0.0010036944877356,0.106165811419487,0.7568687932934637,0.015743366262054,0.7411254270314096,647
2011-01-06 11:19:45,81.56127988023998,7,27,-1.099568486213684,3.914572238922119,20.797738953230507,20.80861609279069,83.86931146843291,74.81009260015368,-0.0007122993702068,0.106165811419487,0.7568687932934637,0.0249109843802592,0.7319578089132044,647
2011-01-06 11:20:15,111.57625450237516,7,27,-1.0993878841400146,3.891098976135254,20.797738953230507,20.817783586113663,83.86931146843291,74.84586653147402,-0.0005504131549969,0.106165811419487,0.7568687932934637,0.0340784777032325,0.7227903155902311,647
2011-01-06 11:20:45,141.5913860907184,7,27,-1.099568486213684,3.871834516525269,20.797738953230507,20.82695112151746,83.86931146843291,74.88144714200916,-0.0004532813909463,0.106165811419487,0.7568687932934637,0.04324601310703,0.7136227801864337,647
2011-01-06 11:21:15,171.60649059155128,7,27,-1.099568486213684,3.855484008789064,20.797738953230507,20.83611866368275,83.86931146843291,74.91686616306121,-0.0003885269106831,0.106165811419487,0.7568687932934637,0.0524135552723201,0.7044552380211435,647
2011-01-06 11:21:45,201.621612590996,7,27,-1.0993878841400146,3.840752363204956,20.797738953230507,20.84528624670175,83.86931146843291,74.95214365120955,-0.0004209041653666,0.106165811419487,0.7568687932934637,0.06158113829132,0.6952876550021436,647
2011-01-06 11:22:15,231.63673380347944,7,27,-1.0997490882873535,3.826992273330689,20.797738953230507,20.85445387789646,83.86931146843291,74.98729204643074,-0.0003885269106831,0.106165811419487,0.7568687932934637,0.0707487694860304,0.6861200238074332,647
2011-01-06 11:22:45,261.6518651963355,7,27,-1.0997490882873535,3.814365148544312,20.797738953230507,20.86362142410064,83.86931146843291,75.02231951087985,-0.0003885269106831,0.106165811419487,0.7568687932934637,0.0799163156902089,0.6769524776032547,647
2011-01-06 11:23:15,291.6669883586785,7,27,-1.0997490882873535,3.8023855686187744,20.797738953230507,20.872788959038857,83.86931146843291,75.05723289828768,-0.0002913951757363,0.106165811419487,0.7568687932934637,0.0890838506284268,0.6677849426650369,647
2011-01-06 11:23:45,321.6822192294642,7,27,-1.099568486213684,3.791053533554077,20.797738953230507,20.88195659896372,83.86931146843291,75.09203928772749,-0.0002913951757363,0.106165811419487,0.7568687932934637,0.098251490553288,0.6586173027401756,647
2011-01-06 11:24:15,351.6972139767575,7,27,-1.0993878841400146,3.7800452709198,20.797738953230507,20.89112416711047,83.86931146843291,75.12674266671569,-0.0002913951757363,0.106165811419487,0.7568687932934637,0.1074190587000387,0.6494497345934249,647
2011-01-06 11:24:45,381.7125882349085,7,27,-1.0993878841400146,3.769522666931152,20.797738953230507,20.90029182506716,83.86931146843291,75.16134791045788,-0.0002590179501567,0.106165811419487,0.7568687932934637,0.1165867166567302,0.6402820766367334,647
2011-01-06 11:25:15,411.7274789128289,7,27,-1.0993878841400146,3.759323835372925,20.797738953230507,20.90945933777749,83.86931146843291,75.19585728796272,-0.0002590179501567,0.106165811419487,0.7568687932934637,0.125754229367061,0.6311145639264026,647
2011-01-06 11:25:45,441.7425852131466,7,27,-1.099568486213684,3.749772787094116,20.797738953230507,20.91862693443589,83.86931146843291,75.23027603154483,-0.0001942634553415,0.106165811419487,0.7568687932934637,0.1349218260254616,0.621946967268002,647
2011-01-06 11:26:15,471.7576991825781,7,27,-1.099568486213684,3.740059614181519,20.797738953230507,20.92779454576182,83.86931146843291,75.26460713609627,-0.0002590179501567,0.106165811419487,0.7568687932934637,0.1440894373513899,0.6127793559420738,647
2011-01-06 11:26:45,501.7750510395138,7,27,-1.099568486213684,3.7309939861297607,20.797738953230507,20.93696284343975,83.86931146843291,75.29885543133132,-0.0002266406954731,0.106165811419487,0.7568687932934637,0.1532577350293209,0.6036110582641427,647
2011-01-06 11:27:15,531.7896540204047,7,27,-1.0993878841400146,3.722252130508423,20.797738953230507,20.94613026395048,83.86931146843291,75.33301780155766,-0.0001942634553415,0.106165811419487,0.7568687932934637,0.1624251555400491,0.5944436377534146,647
2011-01-06 11:27:45,561.8030865391437,7,27,-1.099568486213684,3.713510274887085,20.797738953230507,20.955297274960685,83.86931146843291,75.36709840048377,-0.0002266406954731,0.106165811419487,0.7568687932934637,0.1715921665502549,0.5852766267432088,647
2011-01-06 11:28:15,591.818189651516,7,27,-1.0993878841400146,3.705092191696167,20.797738953230507,20.96446491585421,83.86931146843291,75.40110364856046,-0.0002266406954731,0.106165811419487,0.7568687932934637,0.1807598074437812,0.5761089858496824,647
2011-01-06 11:28:45,621.8333199767112,7,27,-1.0993878841400146,3.696997880935669,20.797738953230507,20.973632527331183,83.86931146843291,75.43503293709519,-0.0001942634553415,0.106165811419487,0.7568687932934637,0.1899274189207531,0.5669413743727105,647
2011-01-06 11:29:15,651.8484265777785,7,27,-1.099568486213684,3.688903570175171,20.797738953230507,20.98280015571878,83.86931146843291,75.468888003161,-0.0002266406954731,0.106165811419487,0.7568687932934637,0.1990950473083508,0.5577737459851129,647
2011-01-06 11:29:45,681.8636691026096,7,27,-1.0993878841400146,3.6811330318450928,20.797738953230507,20.991967772499088,83.86931146843291,75.50266994223986,-0.0001618862152099,0.106165811419487,0.7568687932934637,0.2082626640886573,0.5486061292048063,647
2011-01-06 11:30:15,711.8786844913476,7,27,-1.0997490882873535,3.6732006072998047,20.797738953230507,21.0011353401832,83.86931146843291,75.53638003491949,-0.0001942634553415,0.106165811419487,0.7568687932934637,0.2174302317727665,0.5394385615206971,647
2011-01-06 11:30:45,741.8938086862643,7,27,-1.099568486213684,3.6657540798187256,20.797738953230507,21.0103029049773,83.86931146843291,75.57002050586892,-0.0001942634553415,0.106165811419487,0.7568687932934637,0.226597796566871,0.5302709967265926,647
2011-01-06 11:31:16,771.9089175028532,7,27,-1.0993878841400146,3.658469200134277,20.797738953230507,21.01947051527612,83.86931146843291,75.60359259442167,-0.0001618862152099,0.106165811419487,0.7568687932934637,0.2357654068656884,0.5211033864277752,647
2011-01-06 11:31:46,801.9240250663192,7,27,-1.099568486213684,3.651022434234619,20.797738953230507,21.02863810913836,83.86931146843291,75.63709785987305,-0.0001942634553415,0.106165811419487,0.7568687932934637,0.2449330007279258,0.5119357925655379,647
2011-01-06 11:32:16,831.9391498627347,7,27,-1.099568486213684,3.643899440765381,20.797738953230507,21.037805656361567,83.86931146843291,75.67053677704381,-0.0001942634553415,0.106165811419487,0.7568687932934637,0.2541005479511362,0.5027682453423274,647
2011-01-06 11:32:46,861.9543869490113,7,27,-1.099568486213684,3.636938333511353,20.797738953230507,21.0469732494984,83.86931146843291,75.70391147734753,-0.0002590179501567,0.106165811419487,0.7568687932934637,0.2632681410879662,0.4936006522054974,647
2011-01-06 11:33:16,891.969392302739,7,27,-1.099568486213684,3.630300998687744,20.797738953230507,21.056140757446865,83.86931146843291,75.73722300923667,-0.0001942634553415,0.106165811419487,0.7568687932934637,0.272435649036435,0.4844331442570286,647
2011-01-06 11:33:46,921.9845272945648,7,27,-1.099568486213684,3.623501777648926,20.797738953230507,21.065308329147832,83.86931146843291,75.77047253897818,-0.0001942634553415,0.106165811419487,0.7568687932934637,0.2816032207374022,0.4752655725560615,647
2011-01-06 11:34:16,951.9996339106696,7,27,-1.099568486213684,3.616864442825317,20.797738953230507,21.07447589312991,83.86931146843291,75.80366127688376,-0.0001618862152099,0.106165811419487,0.7568687932934637,0.2907707847194807,0.466098008573983,647
2011-01-06 11:34:46,982.01476070707,7,27,-1.0993878841400146,3.610712766647339,20.797738953230507,21.08364344828896,83.86931146843291,75.83679029772303,-0.0001295089750783,0.106165811419487,0.7568687932934637,0.2999383398785298,0.4569304534149339,647
2011-01-06 11:35:16,1012.0298979043924,7,27,-1.0993878841400146,3.604237318038941,20.797738953230507,21.092810915916377,83.86931146843291,75.8698603299457,-0.0001295089750783,0.106165811419487,0.7568687932934637,0.3091058075059472,0.4477629857875165,647
2011-01-06 11:35:46,1042.0451002741447,7,27,-1.099568486213684,3.598085641860962,20.797738953230507,21.101978412910057,83.86931146843291,75.90287310253734,-0.0001618862152099,0.106165811419487,0.7568687932934637,0.3182733044996269,0.4385954887938368,647
2011-01-06 11:36:16,1072.0600965251858,7,27,-1.099568486213684,3.5920960903167725,20.797738953230507,21.11114591114005,83.86931146843291,75.93583033178055,-0.0001618385285837,0.106165811419487,0.7568687932934637,0.3274408027296189,0.4294279905638447,647
2011-01-06 11:36:46,1102.075266133286,7,27,-1.099568486213684,3.586268186569214,20.797738953230507,21.120313531644435,83.86931146843291,75.96873372904378,-9.713172767078504e-05,0.106165811419487,0.7568687932934637,0.3366084232340043,0.4202603700594594,647
2011-01-06 11:37:16,1132.0903909297017,7,27,-1.099568486213684,3.5802783966064453,20.797738953230507,21.12948118934713,83.86931146843291,76.00158368147781,-0.0001942634553415,0.106165811419487,0.7568687932934637,0.3457760809366981,0.4110927123567656,647
2011-01-06 11:37:46,1162.105493646087,7,27,-1.099568486213684,3.5746123790740967,20.797738953230507,21.1386488748045,83.86931146843291,76.0343814321249,-0.0001618862152099,0.106165811419487,0.7568687932934637,0.3549437663940686,0.401925026899395,647
2011-01-06 11:38:16,1192.1206203422375,7,27,-1.0993878841400146,3.569270133972168,20.797738953230507,21.147816556715743,83.86931146843291,76.06712835978836,-0.0001295089750783,0.106165811419487,0.7568687932934637,0.3641114483053123,0.3927573449881514,647
2011-01-06 11:38:46,1222.1358741652273,7,27,-1.099568486213684,3.5634422302246094,20.797738953230507,21.15698423212253,83.86931146843291,76.09982465827856,-0.0002266406954731,0.106165811419487,0.7568687932934637,0.3732791237120985,0.3835896695813652,647
2011-01-06 11:39:16,1252.1531104390942,7,27,-1.099568486213684,3.5585856437683105,20.797738953230507,21.16615246027181,83.86931146843291,76.13247370733922,-0.0001295089750783,0.106165811419487,0.7568687932934637,0.38244735186138,0.3744214414320836,647
2011-01-06 11:39:46,1282.1659818293283,7,27,-1.099568486213684,3.553405284881592,20.797738953230507,21.17531940676152,83.86931146843291,76.16507074084444,-0.0001295089750783,0.106165811419487,0.7568687932934637,0.3916142983510866,0.365254494942377,647
2011-01-06 11:40:16,1312.1812266298314,7,27,-1.099568486213684,3.548386812210083,20.797738953230507,21.184487144965143,83.86931146843291,76.1976245732662,-9.713172767078504e-05,0.106165811419487,0.7568687932934637,0.4007820365547125,0.3560867567387511,647
2011-01-06 11:40:46,1342.1964309243806,7,27,-1.0993878841400146,3.543692111968994,20.797738953230507,21.193654835217497,83.86931146843291,76.23013326057067,-9.713172767078504e-05,0.106165811419487,0.7568687932934637,0.4099497268070671,0.3469190664863966,647
2011-01-06 11:41:16,1372.2114737515035,7,27,-1.0997490882873535,3.5386736392974854,20.797738953230507,21.202822495030915,83.86931146843291,76.26259766979197,-0.0001295089750783,0.106165811419487,0.7568687932934637,0.4191173866204849,0.3377514066729787,647
2011-01-06 11:41:46,1402.2264859522966,7,27,-1.099568486213684,3.5339789390563965,20.797738953230507,21.211990177720548,83.86931146843291,76.29501882858962,-0.0001618862152099,0.106165811419487,0.7568687932934637,0.4282850693101174,0.3285837239833462,647
2011-01-06 11:42:16,1432.2415879769578,7,27,-1.099568486213684,3.5296080112457275,20.797738953230507,21.22115790788177,83.86931146843291,76.32739778449452,-0.0001295089750783,0.106165811419487,0.7568687932934637,0.4374527994713411,0.3194159938221226,647
2011-01-06 11:42:46,1462.256721800873,7,27,-1.099568486213684,3.5250751972198486,20.797738953230507,21.230325630545288,83.86931146843291,76.35973540816566,-0.0001295089750783,0.106165811419487,0.7568687932934637,0.4466205221348573,0.3102482711586063,647
2011-01-06 11:43:16,1492.2719496691757,7,27,-1.0997490882873535,3.5205423831939697,20.797738953230507,21.239493375054707,83.86931146843291,76.39203189600255,-0.0001295089750783,0.106165811419487,0.7568687932934637,0.4557882666442765,0.3010805266491871,647
2011-01-06 11:43:46,1522.2869457197169,7,27,-1.0997490882873535,3.516009569168091,20.797738953230507,21.24866109444896,83.86931146843291,76.42428736580614,-0.0001618862152099,0.106165811419487,0.7568687932934637,0.4649559860385288,0.2919128072549348,647
2011-01-06 11:44:16,1552.3020776037972,7,27,-1.099568486213684,3.511638879776001,20.797738953230507,21.257828833051228,83.86931146843291,76.4565018156613,-9.70840483205393e-05,0.106165811419487,0.7568687932934637,0.4741237246407976,0.282745068652666,647
2011-01-06 11:44:46,1582.3171921546775,7,27,-1.0997490882873535,3.507267951965332,20.797738953230507,21.26699657063187,83.86931146843291,76.4886756194979,-0.0001295089750783,0.106165811419487,0.7568687932934637,0.483291462221441,0.2735773310720226,647
2011-01-06 11:45:16,1612.3324252359728,7,27,-1.099568486213684,3.503058910369873,20.797738953230507,21.27616444304221,83.86931146843291,76.52081044071373,-9.713172767078504e-05,0.106165811419487,0.7568687932934637,0.4924593346317785,0.2644094586616852,647
2011-01-06 11:45:46,1642.3474167050956,7,27,-1.099568486213684,3.498687982559204,20.797738953230507,21.285332119611585,83.86931146843291,76.55290491012991,-9.713172767078504e-05,0.106165811419487,0.7568687932934637,0.5016270112011547,0.2552417820923089,647
2011-01-06 11:46:16,1672.3625426744347,7,27,-1.0997490882873535,3.494155168533325,20.797738953230507,21.294499858760748,83.86931146843291,76.58495947177741,-9.713172767078504e-05,0.106165811419487,0.7568687932934637,0.5107947503503176,0.246074042943146,647
2011-01-06 11:46:46,1702.3776807038312,7,27,-1.0997490882873535,3.4896223545074463,20.797738953230507,21.30366759908493,83.86931146843291,76.61697302372163,-0.0001295089750783,0.106165811419487,0.7568687932934637,0.5199624906745015,0.2369063026189621,647
2011-01-06 11:47:16,1732.3929447523058,7,27,-1.0993878841400146,3.4852514266967773,20.797738953230507,21.31283542672007,83.86931146843291,76.64894505812671,-9.713172767078504e-05,0.106165811419487,0.7568687932934637,0.5291303183096403,0.2277384749838233,647
2011-01-06 11:47:46,1762.4079916946853,7,27,-1.0997490882873535,3.4803948402404785,20.797738953230507,21.32200362732675,83.86931146843291,76.68087631223091,-0.0001295089750783,0.106165811419487,0.7568687932934637,0.5382985189163207,0.2185702743771429,647
2011-01-06 11:48:16,1792.4231140249549,7,27,-1.099568486213684,3.47553825378418,20.797738953230507,21.331171968685155,83.86931146843291,76.71276433315181,-0.0001295089750783,0.106165811419487,0.7568687932934637,0.5474668602747244,0.2094019330187393,647
2011-01-06 11:48:46,1822.4381940547985,7,27,-1.099568486213684,3.470681667327881,20.797738953230507,21.34034026653041,83.86931146843291,76.74460670421695,-0.0001295089750783,0.106165811419487,0.7568687932934637,0.5566351581199811,0.2002336351734825,647
2011-01-06 11:49:16,1852.4534712009165,7,27,-1.099568486213684,3.465825080871582,20.797738953230507,21.34950873556404,83.86931146843291,76.77640518838278,-0.0001295089750783,0.106165811419487,0.7568687932934637,0.5658036271536098,0.1910651661398539,647
2011-01-06 11:49:46,1882.4686571998675,7,27,-1.0997490882873535,3.4604828357696533,20.797738953230507,21.358677126850125,83.86931146843291,76.8081570175327,-0.0001618862152099,0.106165811419487,0.7568687932934637,0.5749720184396949,0.1818967748537687,647
2011-01-06 11:50:16,1912.4836378269688,7,27,-1.099568486213684,3.4553024768829346,20.797738953230507,21.367845490781026,83.86931146843291,76.83986030563882,-0.0001295089750783,0.106165811419487,0.7568687932934637,0.5841403823705953,0.1727284109228684,647
2011-01-06 11:50:46,1942.4986648346649,7,27,-1.0993878841400146,3.449636459350586,20.797738953230507,21.37701350478228,83.86931146843291,76.87151258528382,-0.0001295089750783,0.106165811419487,0.7568687932934637,0.593308396371846,0.1635603969216177,647
2011-01-06 11:51:16,1972.5137820672287,7,27,-1.099568486213684,3.4436466693878174,20.797738953230507,21.3861811854572,83.86931146843291,76.90311060015044,-0.0001618862152099,0.106165811419487,0.7568687932934637,0.6024760770467701,0.1543927162466936,647
2011-01-06 11:51:46,2002.5290018954936,7,27,-1.099568486213684,3.436847448348999,20.797738953230507,21.3953488631802,83.86931146843291,76.93465057262966,-0.0001942634553415,0.106165811419487,0.7568687932934637,0.6116437547697693,0.1452250385236944,647
2011-01-06 11:52:16,2032.5439966327613,7,27,-1.099568486213684,3.42972469329834,20.797738953230507,21.40451647947621,83.86931146843291,76.96612650273885,-0.0001942634553415,0.106165811419487,0.7568687932934637,0.6208113710657805,0.1360574222276831,647
2011-01-06 11:52:46,2062.559129083253,7,27,-1.099568486213684,3.422116041183472,20.797738953230507,21.41368416100684,83.86931146843291,76.99753416056646,-0.0001942634553415,0.106165811419487,0.7568687932934637,0.6299790525964113,0.1268897406970524,647
2011-01-06 11:53:16,2092.5742374687684,7,27,-1.099568486213684,3.413212299346924,20.797738953230507,21.422851810127213,83.86931146843291,77.02886664058019,-0.0002590179501567,0.106165811419487,0.7568687932934637,0.6391467017167827,0.117722091576681,647
2011-01-06 11:53:46,2122.5893574832658,7,27,-1.0993878841400146,3.403499126434326,20.797738953230507,21.4320195134198,83.86931146843291,77.06011471729377,-0.0002590179501567,0.106165811419487,0.7568687932934637,0.6483144050093692,0.1085543882840944,647
2011-01-06 11:54:16,2152.6044771168145,7,27,-1.099568486213684,3.392005205154419,20.797738953230507,21.441187093557744,83.86931146843291,77.09126510516015,-0.0002913951757363,0.106165811419487,0.7568687932934637,0.6574819851473137,0.0993868081461499,647
2011-01-06 11:54:46,2182.619625476958,7,27,-1.099568486213684,3.3784067630767822,20.797738953230507,21.450354768692424,83.86931146843291,77.1223014664273,-0.0003561496851034,0.106165811419487,0.7568687932934637,0.666649660281994,0.0902191330114696,647
2011-01-06 11:55:16,2212.634720293655,7,27,-1.0997490882873535,3.362380027770996,20.797738953230507,21.4595223690635,83.86931146843291,77.15320223951588,-0.0004532813909463,0.106165811419487,0.7568687932934637,0.6758172606530692,0.0810515326403944,647
2011-01-06 11:55:46,2242.6498392304666,7,27,-1.099568486213684,3.34311580657959,20.797738953230507,21.468690035825624,83.86931146843291,77.18394234851523,-0.0005504131549969,0.106165811419487,0.7568687932934637,0.6849849274151936,0.0718838658782701,647
2011-01-06 11:56:16,2272.6649608439498,7,27,-1.099568486213684,3.3193185329437256,20.797738953230507,21.47785767953896,83.86931146843291,77.21448613169443,-0.0007122993702068,0.106165811419487,0.7568687932934637,0.6941525711285301,0.0627162221649335,647
2011-01-06 11:56:46,2302.6803028166355,7,27,-1.0993878841400146,3.289369583129883,20.797738953230507,21.487025320622823,83.86931146843291,77.24478428993963,-0.0008741855854168,0.106165811419487,0.7568687932934637,0.7033202122123932,0.0535485810810705,647
2011-01-06 11:57:16,2332.695215739998,7,27,-1.099568486213684,3.250679016113281,20.797738953230507,21.496192902262266,83.86931146843291,77.27476960859053,-0.0011332035064697,0.106165811419487,0.7568687932934637,0.7124877938518352,0.0443809994416284,647
2011-01-06 11:57:46,2362.710327729495,7,27,-1.0997490882873535,3.200170516967773,20.797738953230507,21.50536054644842,83.86931146843291,77.30435089918248,-0.0015217304462566,0.106165811419487,0.7568687932934637,0.7216554380379883,0.0352133552554754,647
2011-01-06 11:58:16,2392.725461107298,7,27,-1.0997490882873535,3.1308834552764893,20.797738953230507,21.51452821225205,83.86931146843291,77.33338996490025,-0.0021045207977294,0.106165811419487,0.7568687932934637,0.7308231038416189,0.0260456894518448,647
2011-01-06 11:58:46,2422.7427722277057,7,27,-1.099568486213684,3.032618761062622,20.797738953230507,21.5236965403722,83.86931146843291,77.36167255537568,-0.0030434608925133,0.106165811419487,0.7568687932934637,0.7399914319617693,0.0168773613316943,647
2011-01-06 11:59:16,2452.755768639533,7,27,-1.099568486213684,2.884331464767456,20.797738953230507,21.532863609932978,83.86931146843291,77.3888408743109,-0.0046623228117823,0.106165811419487,0.7568687932934637,0.7491585015225475,0.0077102917709162,647
2011-01-06 11:59:43,2479.5052137373145,7,27,-1.0993878841400146,2.699781894683838,20.797738953230507,21.541033862164465,83.86931146843291,77.41168171486215,-0.0059573650360107,0.106165811419487,0.7568687932934637,0.7573287537540345,-0.0004599604605708,647
2011-01-06 12:00:43,60.01477974721614,8,27,0.0,3.5511388778686523,20.797738953230507,21.541033862164465,83.86931146843291,77.41168171486215,0.0012950897216796,0.106165811419487,0.7568687932934637,0.7573287537540345,-0.0004599604605708,647
2011-01-06 12:00:44,0.187421306564052,9,27,-1.9243103452026844e-05,3.5513007640838623,20.797738953230507,21.54103386316629,83.86931146843291,77.41168171841994,0.0,0.1020214408636093,0.0,1.0018261775712742e-09,-1.0018261775712742e-09,647
2011-01-06 12:00:48,5.015501969138468,9,27,0.0007031940040178,3.5587475299835205,20.797739844940946,21.541033863416693,83.8693146390925,77.41168171930951,0.0010684489971026,0.1020214408636093,8.917104388217467e-07,2.5040236550921685e-10,8.914600364562375e-07,647
