Date_Time,Step_Time(s),Step_Index,Cycle_Index,Current(A),Voltage(V),Charge_Capacity(Ah),Discharge_Capacity(Ah),Charge_Energy(Wh),Discharge_Energy(Wh),dV/dt(V/s),Internal_Resistance(Ohm),Reset_Charge_Capacity,Reset_Discharge_Capacity,Capacity_Difference,Cumulative_Cycle_Index
2011-01-08 12:48:00,30.01512463601592,1,46,0.0,3.5799546241760254,34.2881884150352,35.02804748231071,138.5237377306511,125.53019614287496,0.0007122993702068,0.1004928275942802,8.113015326216555e-07,1.6398615798607352e-10,8.111375464636694e-07,666
2011-01-08 12:48:30,60.03051721984021,1,46,0.0,3.601485252380371,34.2881884150352,35.02804748231071,138.5237377306511,125.53019614287496,0.0004532813909463,0.1004928275942802,8.113015326216555e-07,1.6398615798607352e-10,8.111375464636694e-07,666
2011-01-08 12:49:00,90.04540333639224,1,46,0.0,3.617188215255737,34.2881884150352,35.02804748231071,138.5237377306511,125.53019614287496,0.0004209041653666,0.1004928275942802,8.113015326216555e-07,1.6398615798607352e-10,8.111375464636694e-07,666
2011-01-08 12:49:30,120.0136712159536,1,46,0.0,3.629005908966065,34.2881884150352,35.02804748231071,138.5237377306511,125.53019614287496,0.0002913951757363,0.1004928275942802,8.113015326216555e-07,1.6398615798607352e-10,8.111375464636694e-07,666
2011-01-08 12:50:00,30.015161933973904,2,46,0.5501165986061096,3.7554385662078857,34.29277488957824,35.02804748231071,138.5408631544045,125.53019614287496,0.0009065151098184,0.1004928275942802,0.0045872858445719,1.6398615798607352e-10,0.0045872856805857,666
2011-01-08 12:50:30,60.03028520659181,2,46,0.5501165986061096,3.7808547019958496,34.29736135761644,35.02804748231071,138.55815107932838,125.53019614287496,0.0004856586456298,0.1004928275942802,0.00917375388277,1.6398615798607352e-10,0.0091737537187839,666
2011-01-08 12:51:00,90.0454368098183,2,46,0.5501165986061096,3.796395778656006,34.30194781070779,35.02804748231071,138.5755305573103,125.53019614287496,0.0003561496851034,0.1004928275942802,0.0137602069741191,1.6398615798607352e-10,0.013760206810133,666
2011-01-08 12:51:30,120.06069440721492,2,46,0.5497553944587708,3.8065946102142334,34.306534329429425,35.02804748231071,138.5929678914305,125.53019614287496,0.0001942634553415,0.1004928275942802,0.018346725695757,1.6398615798607352e-10,0.0183467255317708,666
2011-01-08 12:52:00,150.0757041969987,2,46,0.550297200679779,3.815174579620361,34.31112076823179,35.02804748231071,138.61044733959693,125.53019614287496,0.0001942634553415,0.1004928275942802,0.0229331644981201,1.6398615798607352e-10,0.0229331643341339,666
2011-01-08 12:52:30,180.09085158471882,2,46,0.5501165986061096,3.8224594593048096,34.31570715217504,35.02804748231071,138.62796260597727,125.53019614287496,0.0001942634553415,0.1004928275942802,0.0275195484413686,1.6398615798607352e-10,0.0275195482773824,666
2011-01-08 12:53:00,210.1062113667911,2,46,0.5501165986061096,3.829258680343628,34.320293631896845,35.02804748231071,138.64551033589217,125.53019614287496,0.0001618862152099,0.1004928275942802,0.0321060281631773,1.6398615798607352e-10,0.0321060279991911,666
2011-01-08 12:53:30,240.12114350303835,2,46,0.550297200679779,3.8357338905334473,34.32487998795565,35.02804748231071,138.6630874839135,125.53019614287496,0.0001942634553415,0.1004928275942802,0.036692384221979,1.6398615798607352e-10,0.0366923840579929,666
2011-01-08 12:54:00,270.1362671515932,2,46,0.550297200679779,3.841561794281006,34.3294663865042,35.02804748231071,138.68069261564145,125.53019614287496,0.0001942634553415,0.1004928275942802,0.0412787827705329,1.6398615798607352e-10,0.0412787826065468,666
2011-01-08 12:54:30,300.1514029754928,2,46,0.5501165986061096,3.8472278118133545,34.33405275236591,35.02804748231071,138.6983239620994,125.53019614287496,0.0001942634553415,0.1004928275942802,0.0458651486322452,1.6398615798607352e-10,0.045865148468259,666
2011-01-08 12:55:00,330.16723287925294,2,46,0.5501165986061096,3.852408170700073,34.338639288429086,35.02804748231071,138.71598119604735,125.53019614287496,0.0001295089750783,0.1004928275942802,0.0504516846954175,1.6398615798607352e-10,0.0504516845314313,666
2011-01-08 12:55:30,360.1686325233659,2,46,0.550297200679779,3.857750415802002,34.343223600068455,35.02804748231071,138.73365377185763,125.53019614287496,0.0001618862152099,0.1004928275942802,0.0550359963347872,1.6398615798607352e-10,0.0550359961708011,666
2011-01-08 12:56:00,390.1812290585768,2,46,0.5501165986061096,3.862445116043091,34.34780962792355,35.02804748231071,138.7513561394495,125.53019614287496,0.0001295089750783,0.1004928275942802,0.0596220241898848,1.6398615798607352e-10,0.0596220240258986,666
2011-01-08 12:56:30,420.1964703403097,2,46,0.5499359965324402,3.86713981628418,34.35239605690526,35.02804748231071,138.76908233365893,125.53019614287496,9.713172767078504e-05,0.1004928275942802,0.0642084531715951,1.6398615798607352e-10,0.064208453007609,666
2011-01-08 12:57:00,450.2114995284402,2,46,0.550297200679779,3.872158288955689,34.356982482527336,35.02804748231071,138.78683020880052,125.53019614287496,0.0001295089750783,0.1004928275942802,0.0687948787936676,1.6398615798607352e-10,0.0687948786296814,666
2011-01-08 12:57:30,480.2266391568216,2,46,0.5501165986061096,3.876367330551148,34.361568922925166,35.02804748231071,138.80459910750363,125.53019614287496,6.47544875391759e-05,0.1004928275942802,0.0733813191914976,1.6398615798607352e-10,0.0733813190275114,666
2011-01-08 12:58:00,510.24189587201954,2,46,0.550297200679779,3.8809001445770255,34.36615534163602,35.02804748231071,138.82238845573113,125.53019614287496,9.713172767078504e-05,0.1004928275942802,0.0779677379023553,1.6398615798607352e-10,0.0779677377383691,666
2011-01-08 12:58:30,540.2569149900521,2,46,0.5501165986061096,3.885109186172485,34.37074180904899,35.02804748231071,138.8401979868637,125.53019614287496,0.0001295089750783,0.1004928275942802,0.0825542053153185,1.6398615798607352e-10,0.0825542051513323,666
2011-01-08 12:59:00,570.2720517863752,2,46,0.5501165986061096,3.889318227767944,34.375328267385,35.02804748231071,138.85802678391036,125.53019614287496,9.713172767078504e-05,0.1004928275942802,0.0871406636513327,1.6398615798607352e-10,0.0871406634873466,666
2011-01-08 12:59:31,600.2872101113545,2,46,0.5499359965324402,3.893041610717773,34.37991476070066,35.02804748231071,138.8758743880143,125.53019614287496,6.47544875391759e-05,0.1004928275942802,0.0917271569669893,1.6398615798607352e-10,0.0917271568030031,666
2011-01-08 13:00:01,630.3023283815046,2,46,0.5499359965324402,3.8970887660980233,34.38450123813877,35.02804748231071,138.89373977823743,125.53019614287496,9.713172767078504e-05,0.1004928275942802,0.0963136344050994,1.6398615798607352e-10,0.0963136342411132,666
2011-01-08 13:00:31,660.3175059594682,2,46,0.5501165986061096,3.9009740352630615,34.389087652297874,35.02804748231071,138.9116223440598,125.53019614287496,9.713172767078504e-05,0.1004928275942802,0.1009000485642062,1.6398615798607352e-10,0.10090004840022,666
2011-01-08 13:01:01,690.3327525795058,2,46,0.5499359965324402,3.904373645782471,34.39367410658549,35.02804748231071,138.9295216976643,125.53019614287496,9.713172767078504e-05,0.1004928275942802,0.105486502851825,1.6398615798607352e-10,0.1054865026878388,666
2011-01-08 13:01:31,720.3477839530831,2,46,0.550297200679779,3.90777325630188,34.39826050512596,35.02804748231071,138.94743664513138,125.53019614287496,9.713172767078504e-05,0.1004928275942802,0.1100729013922929,1.6398615798607352e-10,0.1100729012283068,666
2011-01-08 13:02:01,750.3630147787563,2,46,0.5501165986061096,3.911010980606079,34.40284696288378,35.02804748231071,138.9653669387251,125.53019614287496,9.713172767078504e-05,0.1004928275942802,0.1146593591501101,1.6398615798607352e-10,0.114659358986124,666
2011-01-08 13:02:31,780.3781476152102,2,46,0.5501165986061096,3.914248466491699,34.40743342743875,35.02804748231071,138.9833118337692,125.53019614287496,0.0001294612884521,0.1004928275942802,0.1192458237050786,1.6398615798607352e-10,0.1192458235410924,666
2011-01-08 13:03:01,810.3933156694376,2,46,0.5501165986061096,3.917000532150269,34.41201992204017,35.02804748231071,139.00127064608947,125.53019614287496,9.713172767078504e-05,0.1004928275942802,0.1238323183065048,1.6398615798607352e-10,0.1238323181425187,666
2011-01-08 13:03:31,840.4085245353806,2,46,0.5499359965324402,3.919752597808838,34.41660634112481,35.02804748231071,139.0192423403471,125.53019614287496,3.237724376958795e-05,0.1004928275942802,0.1284187373911436,1.6398615798607352e-10,0.1284187372271574,666
2011-01-08 13:04:01,870.423581091721,2,46,0.5499359965324402,3.9225046634674072,34.421192760337775,35.02804748231071,139.0372266946222,125.53019614287496,6.47544875391759e-05,0.1004928275942802,0.1330051566041064,1.6398615798607352e-10,0.1330051564401202,666
2011-01-08 13:04:31,900.4387174519571,2,46,0.5499359965324402,3.925256729125977,34.42577919159446,35.02804748231071,139.0552232403396,125.53019614287496,9.713172767078504e-05,0.1004928275942802,0.1375915878607898,1.6398615798607352e-10,0.1375915876968036,666
2011-01-08 13:05:01,930.4537364998148,2,46,0.5499359965324402,3.927523136138916,34.430365619177174,35.02804748231071,139.07323149256644,125.53019614287496,3.237724376958795e-05,0.1004928275942802,0.1421780154435055,1.6398615798607352e-10,0.1421780152795193,666
2011-01-08 13:05:31,960.4688876519172,2,46,0.5501165986061096,3.9301133155822754,34.434952039779006,35.02804748231071,139.0912511259615,125.53019614287496,6.47544875391759e-05,0.1004928275942802,0.1467644360453377,1.6398615798607352e-10,0.1467644358813515,666
2011-01-08 13:06:01,990.4840212452574,2,46,0.5501165986061096,3.932379722595215,34.43953855140816,35.02804748231071,139.1092821923501,125.53019614287496,3.237724376958795e-05,0.1004928275942802,0.1513509476744943,1.6398615798607352e-10,0.1513509475105081,666
2011-01-08 13:06:31,1020.499179850936,2,46,0.550297200679779,3.934969902038574,34.444125079388066,35.02804748231071,139.12732428395023,125.53019614287496,6.47544875391759e-05,0.1004928275942802,0.1559374756543974,1.6398615798607352e-10,0.1559374754904112,666
2011-01-08 13:07:01,1050.5143046172768,2,46,0.5501165986061096,3.9372363090515137,34.44871163756442,35.02804748231071,139.14537719927773,125.53019614287496,6.47544875391759e-05,0.1004928275942802,0.1605240338307538,1.6398615798607352e-10,0.1605240336667677,666
2011-01-08 13:07:31,1080.5316286398408,2,46,0.5501165986061096,3.939502716064453,34.45329837254373,35.02804748231071,139.16344141824348,125.53019614287496,6.47544875391759e-05,0.1004928275942802,0.1651107688100594,1.6398615798607352e-10,0.1651107686460733,666
2011-01-08 13:08:01,1110.5445889366574,2,46,0.550297200679779,3.9417691230773926,34.45788449864037,35.02804748231071,139.18151372763003,125.53019614287496,6.47544875391759e-05,0.1004928275942802,0.1696968949066999,1.6398615798607352e-10,0.1696968947427137,666
2011-01-08 13:08:31,1140.559716570144,2,46,0.5501165986061096,3.944035530090332,34.46247096125077,35.02804748231071,139.19959774420724,125.53019614287496,6.47544875391759e-05,0.1004928275942802,0.1742833575171047,1.6398615798607352e-10,0.1742833573531186,666
2011-01-08 13:09:01,1170.5748662836609,2,46,0.5501165986061096,3.946301937103272,34.467057477953375,35.02804748231071,139.2176922958319,125.53019614287496,6.47544875391759e-05,0.1004928275942802,0.178869874219707,1.6398615798607352e-10,0.1788698740557208,666
2011-01-08 13:09:31,1200.590348155017,2,46,0.5499359965324402,3.948406457901001,34.47164404092952,35.02804748231071,139.23579716539757,125.53019614287496,6.47544875391759e-05,0.1004928275942802,0.1834564371958507,1.6398615798607352e-10,0.1834564370318645,666
2011-01-08 13:10:01,1230.6051604926895,2,46,0.5501165986061096,3.9508347511291504,34.47623037024031,35.02804748231071,139.2539112702711,125.53019614287496,9.713172767078504e-05,0.1004928275942802,0.1880427665066406,1.6398615798607352e-10,0.1880427663426545,666
2011-01-08 13:10:31,1260.6204096390234,2,46,0.5501165986061096,3.95293927192688,34.48081684927671,35.02804748231071,139.27203609604555,125.53019614287496,3.237724376958795e-05,0.1004928275942802,0.1926292455430385,1.6398615798607352e-10,0.1926292453790523,666
2011-01-08 13:11:01,1290.6353850431074,2,46,0.5499359965324402,3.95504379272461,34.485402486910985,35.02804748231071,139.2901674881107,125.53019614287496,6.47544875391759e-05,0.1004928275942802,0.1972148831773168,1.6398615798607352e-10,0.1972148830133306,666
2011-01-08 13:11:31,1320.6505403555786,2,46,0.5499359965324402,3.957148313522339,34.48998811119344,35.02804748231071,139.3083088240466,125.53019614287496,6.47544875391759e-05,0.1004928275942802,0.2018005074597724,1.6398615798607352e-10,0.2018005072957862,666
2011-01-08 13:12:01,1350.6656784952495,2,46,0.5499359965324402,3.9594147205352783,34.494573890288386,35.02804748231071,139.32646068173406,125.53019614287496,6.47544875391759e-05,0.1004928275942802,0.2063862865547179,1.6398615798607352e-10,0.2063862863907317,666
2011-01-08 13:12:31,1380.6808310708998,2,46,0.5499359965324402,3.961519241333008,34.49915952754637,35.02804748231071,139.3446218657224,125.53019614287496,3.237724376958795e-05,0.1004928275942802,0.2109719238126999,1.6398615798607352e-10,0.2109719236487137,666
2011-01-08 13:13:01,1410.6959734561522,2,46,0.5501165986061096,3.9637856483459473,34.503745161073915,35.02804748231071,139.36279282751582,125.53019614287496,6.47544875391759e-05,0.1004928275942802,0.2155575573402472,1.6398615798607352e-10,0.2155575571762611,666
2011-01-08 13:13:31,1440.7112752587218,2,46,0.5499359965324402,3.965728282928467,34.508330812429975,35.02804748231071,139.38097362610577,125.53019614287496,3.237724376958795e-05,0.1004928275942802,0.2201432086963066,1.6398615798607352e-10,0.2201432085323205,666
2011-01-08 13:14:01,1470.7263946416454,2,46,0.5501165986061096,3.9679946899414062,34.51291715952865,35.02804748231071,139.39916707774765,125.53019614287496,9.713172767078504e-05,0.1004928275942802,0.2247295557949797,1.6398615798607352e-10,0.2247295556309936,666
2011-01-08 13:14:31,1500.741387910253,2,46,0.5501165986061096,3.970099210739136,34.51750363428976,35.02804748231071,139.41737074721226,125.53019614287496,6.47544875391759e-05,0.1004928275942802,0.2293160305560917,1.6398615798607352e-10,0.2293160303921055,666
2011-01-08 13:15:01,1530.7566241694683,2,46,0.5501165986061096,3.9720418453216553,34.52209020787323,35.02804748231071,139.43558448922852,125.53019614287496,6.47544875391759e-05,0.1004928275942802,0.2339026041395584,1.6398615798607352e-10,0.2339026039755722,666
2011-01-08 13:15:31,1560.7717024599772,2,46,0.5499359965324402,3.9741463661193848,34.52667679600033,35.02804748231071,139.4538078731215,125.53019614287496,0.0,0.1004928275942802,0.2384891922666625,1.6398615798607352e-10,0.2384891921026763,666
2011-01-08 13:16:01,1590.786948764228,2,46,0.5501165986061096,3.976250886917114,34.531263435993324,35.02804748231071,139.4720410906807,125.53019614287496,0.0,0.1004928275942802,0.243075832259656,1.6398615798607352e-10,0.2430758320956698,666
2011-01-08 13:16:31,1620.8019583083994,2,46,0.5501165986061096,3.978355407714844,34.53585004437249,35.02804748231071,139.49028346698574,125.53019614287496,9.713172767078504e-05,0.1004928275942802,0.2476624406388197,1.6398615798607352e-10,0.2476624404748335,666
2011-01-08 13:17:01,1650.8172117704896,2,46,0.5501165986061096,3.980459928512573,34.540436512125424,35.02804748231071,139.50853517423045,125.53019614287496,3.237724376958795e-05,0.1004928275942802,0.2522489083917563,1.6398615798607352e-10,0.2522489082277701,666
2011-01-08 13:17:31,1680.832255018662,2,46,0.5501165986061096,3.9827263355255127,34.54502300784884,35.02804748231071,139.52679667345473,125.53019614287496,6.47544875391759e-05,0.1004928275942802,0.2568354041151721,1.6398615798607352e-10,0.256835403951186,666
2011-01-08 13:18:01,1710.8477796265308,2,46,0.5499359965324402,3.984668970108032,34.54960957249384,35.02804748231071,139.54506795472642,125.53019614287496,3.237724376958795e-05,0.1004928275942802,0.2614219687601746,1.6398615798607352e-10,0.2614219685961885,666
2011-01-08 13:18:31,1740.8625233532034,2,46,0.550297200679779,3.9867734909057617,34.554196008689026,35.02804748231071,139.56334827687408,125.53019614287496,3.237724376958795e-05,0.1004928275942802,0.2660084049553575,1.6398615798607352e-10,0.2660084047913713,666
2011-01-08 13:19:01,1770.877849867362,2,46,0.5501165986061096,3.988878011703491,34.55878259383869,35.02804748231071,139.58163878781093,125.53019614287496,6.47544875391759e-05,0.1004928275942802,0.2705949901050246,1.6398615798607352e-10,0.2705949899410385,666
2011-01-08 13:19:31,1800.8928121838271,2,46,0.5501165986061096,3.991144418716431,34.563369022785324,35.02804748231071,139.59993831889264,125.53019614287496,0.0001295089750783,0.1004928275942802,0.2751814190516555,1.6398615798607352e-10,0.2751814188876693,666
2011-01-08 13:20:01,1830.9080454205096,2,46,0.5499359965324402,3.99308705329895,34.56795576870162,35.02804748231071,139.61824885757568,125.53019614287496,6.47544875391759e-05,0.1004928275942802,0.2797681649679546,1.6398615798607352e-10,0.2797681648039685,666
2011-01-08 13:20:31,1860.923043425923,2,46,0.5501165986061096,3.9951913356781006,34.57254311198573,35.02804748231071,139.63657154981348,125.53019614287496,3.237724376958795e-05,0.1004928275942802,0.2843555082520623,1.6398615798607352e-10,0.2843555080880762,666
2011-01-08 13:21:01,1890.9381971143464,2,46,0.5501165986061096,3.99729585647583,34.577130303386106,35.02804748231071,139.65490341510355,125.53019614287496,6.47544875391759e-05,0.1004928275942802,0.2889426996524378,1.6398615798607352e-10,0.2889426994884516,666
2011-01-08 13:21:31,1920.9533505270829,2,46,0.5504778623580933,3.99972414970398,34.58171769625625,35.02804748231071,139.67324587714683,125.53019614287496,9.713172767078504e-05,0.1004928275942802,0.2935300925225803,1.6398615798607352e-10,0.2935300923585942,666
2011-01-08 13:22:01,1950.968464566689,2,46,0.5501165986061096,4.001667022705078,34.586304985735104,35.02804748231071,139.69159776577698,125.53019614287496,6.47544875391759e-05,0.1004928275942802,0.2981173820014362,1.6398615798607352e-10,0.29811738183745,666
2011-01-08 13:22:31,1980.9836010823128,2,46,0.5501165986061096,4.0037713050842285,34.59089231774066,35.02804748231071,139.7099597985162,125.53019614287496,6.47544875391759e-05,0.1004928275942802,0.3027047140069925,1.6398615798607352e-10,0.3027047138430063,666
2011-01-08 13:23:01,2010.998748795845,2,46,0.5501165986061096,4.006199836730957,34.59547961538696,35.02804748231071,139.7283317351349,125.53019614287496,0.0001295089750783,0.1004928275942802,0.3072920116532884,1.6398615798607352e-10,0.3072920114893023,666
2011-01-08 13:23:31,2041.013897271276,2,46,0.5501165986061096,4.008142471313477,34.600066262565406,35.02804748231071,139.7467110460889,125.53019614287496,3.24249267578125e-05,0.1004928275942802,0.3118786588317377,1.6398615798607352e-10,0.3118786586677515,666
2011-01-08 13:24:01,2071.0290524433976,2,46,0.5501165986061096,4.010408878326416,34.60465298545476,35.02804748231071,139.7651006704125,125.53019614287496,6.47544875391759e-05,0.1004928275942802,0.3164653817210947,1.6398615798607352e-10,0.3164653815571085,666
2011-01-08 13:24:31,2101.044166322604,2,46,0.5501165986061096,4.012675285339356,34.60923959843137,35.02804748231071,139.78350010293096,125.53019614287496,6.47544875391759e-05,0.1004928275942802,0.3210519946977044,1.6398615798607352e-10,0.3210519945337182,666
2011-01-08 13:25:01,2131.059306497348,2,46,0.550297200679779,4.014941692352295,34.61382630976315,35.02804748231071,139.8019102489899,125.53019614287496,6.47544875391759e-05,0.1004928275942802,0.3256387060294798,1.6398615798607352e-10,0.3256387058654937,666
2011-01-08 13:25:31,2161.0747902283383,2,46,0.5501165986061096,4.017369747161865,34.6184130514537,35.02804748231071,139.82033096718496,125.53019614287496,6.47544875391759e-05,0.1004928275942802,0.3302254477200321,1.6398615798607352e-10,0.330225447556046,666
2011-01-08 13:26:01,2191.089588521006,2,46,0.5501165986061096,4.019474506378174,34.62299969945159,35.02804748231071,139.83876183495966,125.53019614287496,6.47544875391759e-05,0.1004928275942802,0.3348120957179219,1.6398615798607352e-10,0.3348120955539357,666
2011-01-08 13:26:31,2221.104731081696,2,46,0.5501165986061096,4.021740913391113,34.62758637830776,35.02804748231071,139.8572034796006,125.53019614287496,3.24249267578125e-05,0.1004928275942802,0.3393987745740929,1.6398615798607352e-10,0.3393987744101068,666
2011-01-08 13:27:01,2251.120021676332,2,46,0.5501165986061096,4.024331092834473,34.63217308692763,35.02804748231071,139.8756559977971,125.53019614287496,9.71794142969884e-05,0.1004928275942802,0.3439854831939613,1.6398615798607352e-10,0.3439854830299751,666
2011-01-08 13:27:31,2281.1372795991547,2,46,0.5501165986061096,4.026597499847412,34.636760059621594,35.02804748231071,139.8941203908221,125.53019614287496,6.47544875391759e-05,0.1004928275942802,0.3485724558879255,1.6398615798607352e-10,0.3485724557239393,666
2011-01-08 13:28:01,2311.1501763626266,2,46,0.5501165986061096,4.029187679290772,34.641346421472086,35.02804748231071,139.91259335547258,125.53019614287496,9.71794142969884e-05,0.1004928275942802,0.3531588177384179,1.6398615798607352e-10,0.3531588175744318,666
2011-01-08 13:28:31,2341.165298858308,2,46,0.5501165986061096,4.031291961669922,34.64593308551761,35.02804748231071,139.9310785083658,125.53019614287496,6.47544875391759e-05,0.1004928275942802,0.3577454817839438,1.6398615798607352e-10,0.3577454816199577,666
2011-01-08 13:29:01,2371.1804384115026,2,46,0.5501165986061096,4.033882141113281,34.65051971330766,35.02804748231071,139.94957464396265,125.53019614287496,6.47544875391759e-05,0.1004928275942802,0.3623321095739911,1.6398615798607352e-10,0.3623321094100049,666
2011-01-08 13:29:31,2401.195710996252,2,46,0.5501165986061096,4.036472320556641,34.6551063575832,35.02804748231071,139.96808210213064,125.53019614287496,9.71794142969884e-05,0.1004928275942802,0.3669187538495322,1.6398615798607352e-10,0.366918753685546,666
2011-01-08 13:30:01,2431.210734600466,2,46,0.5499359965324402,4.03873872756958,34.65969304645108,35.02804748231071,139.98660120248917,125.53019614287496,3.24249267578125e-05,0.1004928275942802,0.3715054427174138,1.6398615798607352e-10,0.3715054425534276,666
2011-01-08 13:30:31,2461.2258683391683,2,46,0.5501165986061096,4.04149055480957,34.66427973133529,35.02804748231071,140.00513178225015,125.53019614287496,9.70840483205393e-05,0.1004928275942802,0.3760921276016233,1.6398615798607352e-10,0.3760921274376372,666
2011-01-08 13:31:01,2491.241031466116,2,46,0.5501165986061096,4.043919086456299,34.668866423076075,35.02804748231071,140.02367416032288,125.53019614287496,3.24249267578125e-05,0.1004928275942802,0.3806788193424069,1.6398615798607352e-10,0.3806788191784207,666
2011-01-08 13:31:32,2521.256210397452,2,46,0.5501165986061096,4.046670913696289,34.67345316386871,35.02804748231071,140.0422285432579,125.53019614287496,9.70840483205393e-05,0.1004928275942802,0.3852655601350392,1.6398615798607352e-10,0.385265559971053,666
2011-01-08 13:32:02,2551.2712850889907,2,46,0.5501165986061096,4.049261093139648,34.67803981682155,35.02804748231071,140.0607945190517,125.53019614287496,9.70840483205393e-05,0.1004928275942802,0.3898522130878845,1.6398615798607352e-10,0.3898522129238984,666
2011-01-08 13:32:32,2581.286426957957,2,46,0.5501165986061096,4.051689624786377,34.682626587332386,35.02804748231071,140.07937297133626,125.53019614287496,3.24249267578125e-05,0.1004928275942802,0.3944389835987181,1.6398615798607352e-10,0.3944389834347319,666
2011-01-08 13:33:02,2611.3015882302816,2,46,0.550297200679779,4.054441452026367,34.687213275739936,35.02804748231071,140.09796318586325,125.53019614287496,6.47544875391759e-05,0.1004928275942802,0.3990256720062675,1.6398615798607352e-10,0.3990256718422813,666
2011-01-08 13:33:32,2641.316728525325,2,46,0.5501165986061096,4.057193756103516,34.69179999688341,35.02804748231071,140.11656577274718,125.53019614287496,9.71794142969884e-05,0.1004928275942802,0.4036123931497428,1.6398615798607352e-10,0.4036123929857567,666
2011-01-08 13:34:02,2671.331861331704,2,46,0.5501165986061096,4.059945583343506,34.69638670805197,35.02804748231071,140.13518074678595,125.53019614287496,9.70840483205393e-05,0.1004928275942802,0.4081991043182995,1.6398615798607352e-10,0.4081991041543134,666
2011-01-08 13:34:32,2701.3470079475,2,46,0.5501165986061096,4.062535762786865,34.700973436070434,35.02804748231071,140.15380794492742,125.53019614287496,9.70840483205393e-05,0.1004928275942802,0.4127858323367661,1.6398615798607352e-10,0.41278583217278,666
2011-01-08 13:35:02,2731.3621434706506,2,46,0.550297200679779,4.065288066864014,34.70556009627642,35.02804748231071,140.17244754013385,125.53019614287496,6.47544875391759e-05,0.1004928275942802,0.4173724925427535,1.6398615798607352e-10,0.4173724923787674,666
2011-01-08 13:35:32,2761.377308998581,2,46,0.550297200679779,4.068039894104004,34.71014675646752,35.02804748231071,140.19109986826714,125.53019614287496,6.47544875391759e-05,0.1004928275942802,0.4219591527338551,1.6398615798607352e-10,0.4219591525698689,666
2011-01-08 13:36:02,2791.392664911009,2,46,0.5499359965324402,4.070953845977783,34.71473345821679,35.02804748231071,140.20976533345717,125.53019614287496,6.47544875391759e-05,0.1004928275942802,0.4265458544831233,1.6398615798607352e-10,0.4265458543191371,666
2011-01-08 13:36:32,2821.407561227984,2,46,0.5501165986061096,4.073706150054932,34.71932016926598,35.02804748231071,140.22844387447498,125.53019614287496,6.47544875391759e-05,0.1004928275942802,0.4311325655323088,1.6398615798607352e-10,0.4311325653683227,666
2011-01-08 13:37:02,2851.422712655773,2,46,0.5501165986061096,4.076457977294922,34.723906889408056,35.02804748231071,140.24713564718178,125.53019614287496,6.47544875391759e-05,0.1004928275942802,0.4357192856743879,1.6398615798607352e-10,0.4357192855104017,666
2011-01-08 13:37:32,2881.4378922688084,2,46,0.550297200679779,4.07953405380249,34.72849357535537,35.02804748231071,140.26584059998314,125.53019614287496,6.47544875391759e-05,0.1004928275942802,0.4403059716217044,1.6398615798607352e-10,0.4403059714577182,666
2011-01-08 13:38:02,2911.4531387535085,2,46,0.550297200679779,4.0824480056762695,34.73308024077405,35.02804748231071,140.28455879062534,125.53019614287496,9.71794142969884e-05,0.1004928275942802,0.4448926370403825,1.6398615798607352e-10,0.4448926368763963,666
2011-01-08 13:38:32,2941.468147435532,2,46,0.5501165986061096,4.085361957550049,34.737666813257185,35.02804748231071,140.30329007813611,125.53019614287496,6.47544875391759e-05,0.1004928275942802,0.4494792095235169,1.6398615798607352e-10,0.4494792093595308,666
2011-01-08 13:39:02,2971.48327541488,2,46,0.5499359965324402,4.088275909423828,34.74225343131576,35.02804748231071,140.32203522024187,125.53019614287496,6.47544875391759e-05,0.1004928275942802,0.4540658275820917,1.6398615798607352e-10,0.4540658274181055,666
2011-01-08 13:39:32,3001.500621136525,2,46,0.5501165986061096,4.091513633728027,34.74684040797347,35.02804748231071,140.34079571815872,125.53019614287496,6.47544875391759e-05,0.1004928275942802,0.4586528042398043,1.6398615798607352e-10,0.4586528040758182,666
2011-01-08 13:40:02,3031.5135558345414,2,46,0.5501165986061096,4.094427585601807,34.75142667211158,35.02804748231071,140.35956722358665,125.53019614287496,6.47544875391759e-05,0.1004928275942802,0.4632390683779093,1.6398615798607352e-10,0.4632390682139231,666
2011-01-08 13:40:32,3061.528692781239,2,46,0.5499359965324402,4.097503185272217,34.756013318464966,35.02804748231071,140.37835442040728,125.53019614287496,3.23295607813634e-05,0.1004928275942802,0.4678257147312976,1.6398615798607352e-10,0.4678257145673115,666
2011-01-08 13:41:02,3091.543844454641,2,46,0.5501165986061096,4.100740909576416,34.760599947416154,35.02804748231071,140.39715578731025,125.53019614287496,6.47544875391759e-05,0.1004928275942802,0.4724123436824854,1.6398615798607352e-10,0.4724123435184992,666
2011-01-08 13:41:32,3121.559354020019,2,46,0.5501165986061096,4.103816986083984,34.76518669519794,35.02804748231071,140.41597200519794,125.53019614287496,6.47544875391759e-05,0.1004928275942802,0.4769990914642719,1.6398615798607352e-10,0.4769990913002857,666
2011-01-08 13:42:02,3151.57412305978,2,46,0.5501165986061096,4.107054710388184,34.76977332759601,35.02804748231071,140.4348023002806,125.53019614287496,6.47544875391759e-05,0.1004928275942802,0.4815857238623451,1.6398615798607352e-10,0.4815857236983589,666
2011-01-08 13:42:32,3181.5892453850365,2,46,0.5499359965324402,4.110292434692383,34.77435992781839,35.02804748231071,140.4536470868058,125.53019614287496,9.71794142969884e-05,0.1004928275942802,0.4861723240847198,1.6398615798607352e-10,0.4861723239207336,666
2011-01-08 13:43:02,3211.6043968529257,2,46,0.5501165986061096,4.113530158996582,34.778946621163534,35.02804748231071,140.47250698677738,125.53019614287496,9.71794142969884e-05,0.1004928275942802,0.4907590174298661,1.6398615798607352e-10,0.49075901726588,666
2011-01-08 13:43:32,3241.6195480200654,2,46,0.5501165986061096,4.116767406463623,34.78353324901429,35.02804748231071,140.49138147955188,125.53019614287496,0.0001295089750783,0.1004928275942802,0.4953456452806222,1.6398615798607352e-10,0.495345645116636,666
2011-01-08 13:44:02,3271.63480856982,2,46,0.5499359965324402,4.120005130767822,34.788119924679805,35.02804748231071,140.5102710903936,125.53019614287496,9.70840483205393e-05,0.1004928275942802,0.4999323209461366,1.6398615798607352e-10,0.4999323207821504,666
2011-01-08 13:44:32,3301.64981081079,2,46,0.550297200679779,4.1234049797058105,34.79270660073396,35.02804748231071,140.52917572299546,125.53019614287496,9.71794142969884e-05,0.1004928275942802,0.5045189970002895,1.6398615798607352e-10,0.5045189968363033,666
2011-01-08 13:45:02,3331.664986243407,2,46,0.5501165986061096,4.126480579376221,34.79729317590035,35.02804748231071,140.54809506206695,125.53019614287496,6.47544875391759e-05,0.1004928275942802,0.509105572166682,1.6398615798607352e-10,0.5091055720026958,666
2011-01-08 13:45:32,3361.6801907284307,2,46,0.5501165986061096,4.13004207611084,34.80187978623097,35.02804748231071,140.56702992157446,125.53019614287496,9.70840483205393e-05,0.1004928275942802,0.5136921824973015,1.6398615798607352e-10,0.5136921823333154,666
2011-01-08 13:46:02,3391.695273610382,2,46,0.550297200679779,4.133279800415039,34.80646645900366,35.02804748231071,140.58598057727588,125.53019614287496,9.70840483205393e-05,0.1004928275942802,0.5182788552699904,1.6398615798607352e-10,0.5182788551060042,666
2011-01-08 13:46:32,3421.7103878755515,2,46,0.550297200679779,4.137003421783447,34.811053063755715,35.02804748231071,140.60494652591674,125.53019614287496,0.0001619339018361,0.1004928275942802,0.5228654600220466,1.6398615798607352e-10,0.5228654598580604,666
2011-01-08 13:47:02,3451.725518691971,2,46,0.5501165986061096,4.140241146087647,34.81563971980088,35.02804748231071,140.62392841799667,125.53019614287496,9.71794142969884e-05,0.1004928275942802,0.5274521160672094,1.6398615798607352e-10,0.5274521159032233,666
2011-01-08 13:47:32,3481.740675443027,2,46,0.5499359965324402,4.143478870391846,34.82022642107638,35.02804748231071,140.64292637994623,125.53019614287496,6.47544875391759e-05,0.1004928275942802,0.5320388173427091,1.6398615798607352e-10,0.5320388171787229,666
2011-01-08 13:48:02,3511.7559241232,2,46,0.5501165986061096,4.147364139556885,34.824813039728035,35.02804748231071,140.661940265258,125.53019614287496,0.0001295089750783,0.1004928275942802,0.5366254359943667,1.6398615798607352e-10,0.5366254358303806,666
2011-01-08 13:48:32,3541.7709556571763,2,46,0.5501165986061096,4.150763511657715,34.82939971384654,35.02804748231071,140.6809706743901,125.53019614287496,6.47544875391759e-05,0.1004928275942802,0.5412121101128733,1.6398615798607352e-10,0.5412121099488871,666
2011-01-08 13:49:02,3571.7860922129003,2,46,0.550297200679779,4.154487133026123,34.833986414842386,35.02804748231071,140.70001746961657,125.53019614287496,0.0001295089750783,0.1004928275942802,0.5457988111087175,1.6398615798607352e-10,0.5457988109447314,666
2011-01-08 13:49:32,3601.801238532959,2,46,0.550297200679779,4.158048629760742,34.8385730564831,35.02804748231071,140.71908032107237,125.53019614287496,9.71794142969884e-05,0.1004928275942802,0.5503854527494312,1.6398615798607352e-10,0.550385452585445,666
2011-01-08 13:50:02,3631.81665765292,2,46,0.5499359965324402,4.161448001861572,34.84315967393659,35.02804748231071,140.73815960981628,125.53019614287496,6.47544875391759e-05,0.1004928275942802,0.5549720702029219,1.6398615798607352e-10,0.5549720700389358,666
2011-01-08 13:50:32,3661.8315193085073,2,46,0.5501165986061096,4.1651716232299805,34.84774633629293,35.02804748231071,140.75725576132825,125.53019614287496,9.71794142969884e-05,0.1004928275942802,0.5595587325592604,1.6398615798607352e-10,0.5595587323952742,666
2011-01-08 13:51:02,3691.8468891105526,2,46,0.5501165986061096,4.168894767761231,34.852332996604666,35.02804748231071,140.77636867837347,125.53019614287496,9.70840483205393e-05,0.1004928275942802,0.5641453928709979,1.6398615798607352e-10,0.5641453927070117,666
2011-01-08 13:51:32,3721.861806439897,2,46,0.5501165986061096,4.172618389129639,34.85691960971148,35.02804748231071,140.7954982753263,125.53019614287496,9.71794142969884e-05,0.1004928275942802,0.5687320059778145,1.6398615798607352e-10,0.5687320058138283,666
2011-01-08 13:52:02,3751.8771099366886,2,46,0.5501165986061096,4.176341533660889,34.86150624432518,35.02804748231071,140.81464495858833,125.53019614287496,9.70840483205393e-05,0.1004928275942802,0.5733186405915092,1.6398615798607352e-10,0.573318640427523,666
2011-01-08 13:52:32,3781.892069135384,2,46,0.5501165986061096,4.180065155029297,34.86609286279789,35.02804748231071,140.83380880211104,125.53019614287496,6.47544875391759e-05,0.1004928275942802,0.5779052590642237,1.6398615798607352e-10,0.5779052589002376,666
2011-01-08 13:53:02,3811.9072151747423,2,46,0.5501165986061096,4.183788299560547,34.87067950171157,35.02804748231071,140.85299006865642,125.53019614287496,6.47544875391759e-05,0.1004928275942802,0.5824918979779028,1.6398615798607352e-10,0.5824918978139166,666
2011-01-08 13:53:32,3841.922387319165,2,46,0.5501165986061096,4.187673568725586,34.87526610280901,35.02804748231071,140.87218856330156,125.53019614287496,6.47544875391759e-05,0.1004928275942802,0.5870784990753393,1.6398615798607352e-10,0.5870784989113531,666
2011-01-08 13:54:02,3871.937530030229,2,46,0.5499359965324402,4.191397190093994,34.879852795907674,35.02804748231071,140.8914050170485,125.53019614287496,6.47544875391759e-05,0.1004928275942802,0.5916651921740055,1.6398615798607352e-10,0.5916651920100193,666
2011-01-08 13:54:32,3901.952641663839,2,46,0.550297200679779,4.195444107055664,34.884439403852305,35.02804748231071,140.91063880340502,125.53019614287496,0.0001295089750783,0.1004928275942802,0.5962518001186368,1.6398615798607352e-10,0.5962517999546506,666
2011-01-08 13:55:02,3931.967781201996,2,46,0.550297200679779,4.199329376220703,34.889026028965674,35.02804748231071,140.92989041106807,125.53019614287496,9.71794142969884e-05,0.1004928275942802,0.6008384252320056,1.6398615798607352e-10,0.6008384250680194,666
2011-01-08 13:55:07,3937.030209706499,2,46,0.550297200679779,4.200138568878174,34.88979960766673,35.02804748231071,140.93313915139288,125.53019614287496,0.0001618385285837,0.1004928275942802,0.601612003933063,1.6398615798607352e-10,0.6016120037690769,666
2011-01-08 13:55:37,30.015262780314018,3,46,0.0,4.102521896362305,34.88979960766673,35.02804748231071,140.93313915139288,125.53019614287496,-0.0004532813909463,0.1004928275942802,0.601612003933063,1.6398615798607352e-10,0.6016120037690769,666
2011-01-08 13:56:07,60.03029391329159,3,46,0.0,4.090056419372559,34.88979960766673,35.02804748231071,140.93313915139288,125.53019614287496,-0.0002914428769145,0.1004928275942802,0.601612003933063,1.6398615798607352e-10,0.6016120037690769,666
2011-01-08 13:56:37,90.04542042397976,3,46,0.0,4.0824480056762695,34.88979960766673,35.02804748231071,140.93313915139288,125.53019614287496,-0.0001942634553415,0.1004928275942802,0.601612003933063,1.6398615798607352e-10,0.6016120037690769,666
2011-01-08 13:57:07,120.01366757688392,3,46,0.0,4.077267646789551,34.88979960766673,35.02804748231071,140.93313915139288,125.53019614287496,-0.0001618385285837,0.1004928275942802,0.601612003933063,1.6398615798607352e-10,0.6016120037690769,666
2011-01-08 13:57:08,0.015618696597674,4,46,1.0202425718307495,4.199814796447754,34.88980406850013,35.02804748231071,140.933157886067,125.53019614287496,0.0,0.1004928275942802,0.6016164647664652,1.6398615798607352e-10,0.6016164646024791,666
2011-01-08 13:57:08,0.843751147475246,4,46,0.9693107604980468,4.199653148651123,34.890031515639215,35.02804748231071,140.934113112653,125.53019614287496,-3.23295607813634e-05,0.1004928275942802,0.6018439119055472,1.6398615798607352e-10,0.601843911741561,666
2011-01-08 13:57:10,2.734681497732811,4,46,0.9192819595336914,4.199814796447754,34.890526534012444,35.02804748231071,140.9361920811485,125.53019614287496,0.0,0.1004928275942802,0.6023389302787763,1.6398615798607352e-10,0.6023389301147901,666
2011-01-08 13:57:13,5.546920492612356,4,46,0.8692532181739807,4.199814796447754,34.89122426680814,35.02804748231071,140.9391224159333,125.53019614287496,0.0,0.1004928275942802,0.6030366630744695,1.6398615798607352e-10,0.6030366629104833,666
2011-01-08 13:57:17,9.453111958650792,4,46,0.8192244172096252,4.199814796447754,34.89213945573119,35.02804748231071,140.9429660392063,125.53019614287496,0.0,0.1004928275942802,0.6039518519975218,1.6398615798607352e-10,0.6039518518335356,666
2011-01-08 13:57:22,14.609140453129337,4,46,0.7688344717025757,4.199814796447754,34.89327545439902,35.02804748231071,140.94773700760103,125.53019614287496,0.0,0.1004928275942802,0.605087850665349,1.6398615798607352e-10,0.6050878505013628,666
2011-01-08 13:57:29,21.234265974428578,4,46,0.7188056707382202,4.199653148651123,34.89464260731179,35.02804748231071,140.95347880183624,125.53019614287496,0.0,0.1004928275942802,0.6064550035781195,1.6398615798607352e-10,0.6064550034141334,666
2011-01-08 13:57:38,29.93713146303094,4,46,0.6687769293785095,4.199653148651123,34.89631738371436,35.02804748231071,140.96051256477304,125.53019614287496,-3.23295607813634e-05,0.1004928275942802,0.6081297799806933,1.6398615798607352e-10,0.6081297798167071,666
2011-01-08 13:57:50,41.968194062895215,4,46,0.6185675263404846,4.199814796447754,34.898464212710486,35.02804748231071,140.96952883905806,125.53019614287496,0.0,0.1004928275942802,0.6102766089768181,1.6398615798607352e-10,0.610276608812832,666
2011-01-08 13:58:07,59.82717317892285,4,46,0.5683581233024597,4.199814796447754,34.90139982523857,35.02804748231071,140.9818578823285,125.53019614287496,0.0,0.1004928275942802,0.6132122215049023,1.6398615798607352e-10,0.6132122213409161,666
2011-01-08 13:58:38,90.06123513911595,4,46,0.518329381942749,4.199653148651123,34.90594359971258,35.02804748231071,141.00094089599204,125.53019614287496,-3.23295607813634e-05,0.1004928275942802,0.6177559959789107,1.6398615798607352e-10,0.6177559958149246,666
2011-01-08 13:59:36,148.5290026107375,4,46,0.4683006107807159,4.199814796447754,34.913912654202704,35.02804748231071,141.03440950422424,125.53019614287496,0.0,0.1004928275942802,0.6257250504690361,1.6398615798607352e-10,0.62572505030505,666
2011-01-08 14:01:14,246.41814529404053,4,46,0.4182718396186828,4.199814796447754,34.925928288054585,35.02804748231071,141.08487304085648,125.53019614287496,0.0,0.1004928275942802,0.6377406843209172,1.6398615798607352e-10,0.6377406841569311,666
2011-01-08 14:03:22,374.05664116413215,4,46,0.3682430684566498,4.199653148651123,34.939851800403375,35.02804748231071,141.1433493406653,125.53019614287496,-3.23295607813634e-05,0.1004928275942802,0.6516641966697065,1.6398615798607352e-10,0.6516641965057204,666
2011-01-08 14:05:55,527.3040470877418,4,46,0.3182142972946167,4.199814796447754,34.95444762062203,35.02804748231071,141.20464920733252,125.53019614287496,0.0,0.1004928275942802,0.6662600168883586,1.6398615798607352e-10,0.6662600167243724,666
2011-01-08 14:09:01,713.6447895235048,4,46,0.2681855261325836,4.199653148651123,34.969598633051255,35.02804748231071,141.26828082169678,125.53019614287496,0.0,0.1004928275942802,0.6814110293175872,1.6398615798607352e-10,0.6814110291536011,666
2011-01-08 14:12:50,942.4379844231006,4,46,0.2181567698717117,4.199976921081543,34.98500318127399,35.02804748231071,141.33297673240335,125.53019614287496,6.47544875391759e-05,0.1004928275942802,0.6968155775403204,1.6398615798607352e-10,0.6968155773763343,666
2011-01-08 14:17:49,1241.4487960139115,4,46,0.1681279987096786,4.199976921081543,35.00096761715849,35.02804748231071,141.40002460155196,125.53019614287496,3.24249267578125e-05,0.1004928275942802,0.712780013424819,1.6398615798607352e-10,0.7127800132608328,666
2011-01-08 14:25:00,1671.9263697021809,4,46,0.1180992275476455,4.199653148651123,35.017906870727785,35.02804748231071,141.4711664663571,125.53019614287496,-3.23295607813634e-05,0.1004928275942802,0.7297192669941168,1.6398615798607352e-10,0.7297192668301307,666
2011-01-08 14:37:46,2437.9764212082414,4,46,0.0680704563856124,4.199814796447754,35.03717381975598,35.02804748231071,141.5520841465338,125.53019614287496,-3.24249267578125e-05,0.1004928275942802,0.7489862160223097,1.6398615798607352e-10,0.7489862158583236,666
2011-01-08 14:45:47,2918.999927894136,4,46,0.0496483072638511,4.199653148651123,35.04505135356321,35.02804748231071,141.58516837843158,125.53019614287496,-3.23295607813634e-05,0.1004928275942802,0.7568637498295416,1.6398615798607352e-10,0.7568637496655555,666
2011-01-08 14:46:17,30.01714688107283,5,46,0.0,4.190749645233154,35.04505135356321,35.02804748231071,141.58516837843158,125.53019614287496,-6.47544875391759e-05,0.1004928275942802,0.7568637498295416,1.6398615798607352e-10,0.7568637496655555,666
2011-01-08 14:46:47,0.187675074030661,6,46,-1.9243103452026844e-05,4.1892924308776855,35.04505135356321,35.02804748331389,141.58516837843158,125.53019614707758,0.0,0.1036408320069313,0.7568637498295416,1.167165919468971e-09,0.7568637486623757,666
2011-01-08 14:46:47,60.01693732957525,5,46,0.0,4.1892924308776855,35.04505135356321,35.02804748231071,141.58516837843158,125.53019614287496,0.0,0.1004928275942802,0.7568637498295416,1.6398615798607352e-10,0.7568637496655555,666
2011-01-08 14:46:52,5.015452094836362,6,46,0.0007031940040178,4.189130783081055,35.0450522336907,35.02804748347981,141.58517206559094,125.53019614777266,-6.47544875391759e-05,0.1036408320069313,0.756864629957029,1.333084753696312e-09,0.7568646286239442,666
2011-01-08 14:47:21,28.608959950954684,7,46,-1.099568486213684,3.989039897918701,35.0450522336907,35.03678649657187,141.58517206559094,125.56528162160306,-0.001230287598446,0.1036408320069313,0.756864629957029,0.0087390144251457,0.7481256155318832,666
2011-01-08 14:47:51,58.62412314807676,7,46,-1.0997490882873535,3.9514822959899902,35.0450522336907,35.045954982831375,141.58517206559094,125.6016740847966,-0.0008741855854168,0.1036408320069313,0.756864629957029,0.0179075006846503,0.7389571292723787,666
2011-01-08 14:48:21,88.63926477644283,7,46,-1.099568486213684,3.924771070480346,35.0450522336907,35.05512342940232,141.58517206559094,125.63777464867432,-0.0006151676061563,0.1036408320069313,0.756864629957029,0.0270759472555965,0.7297886827014324,666
2011-01-08 14:48:51,118.65451189772972,7,46,-1.0997490882873535,3.903887987136841,35.0450522336907,35.06429187258788,141.58517206559094,125.67365925440475,-0.0004856586456298,0.1036408320069313,0.756864629957029,0.0362443904411549,0.7206202395158741,666
2011-01-08 14:49:21,148.66963031825472,7,46,-1.099568486213684,3.886080503463745,35.0450522336907,35.073460240195594,141.58517206559094,125.70936838182156,-0.0004532813909463,0.1036408320069313,0.756864629957029,0.0454127580488687,0.7114518719081602,666
2011-01-08 14:49:51,178.68466359657916,7,46,-1.099568486213684,3.870701313018799,35.0450522336907,35.082628631545965,141.58517206559094,125.7449264017028,-0.0003885269106831,0.1036408320069313,0.756864629957029,0.0545811493992403,0.7022834805577887,666
2011-01-08 14:50:21,208.6998107988371,7,46,-1.099568486213684,3.856455326080322,35.0450522336907,35.09179708171781,141.58517206559094,125.78034836742177,-0.0003561496851034,0.1036408320069313,0.756864629957029,0.0637495995710821,0.6931150303859468,666
2011-01-08 14:50:51,238.7149487279836,7,46,-1.0997490882873535,3.843018770217896,35.0450522336907,35.10096550769784,141.58517206559094,125.81564454928792,-0.0003885269106831,0.1036408320069313,0.756864629957029,0.0729180255511181,0.6839466044059108,666
2011-01-08 14:51:21,268.7300911132361,7,46,-1.0997490882873535,3.8307156562805176,35.0450522336907,35.110133966596926,141.58517206559094,125.85082276201229,-0.0003561496851034,0.1036408320069313,0.756864629957029,0.0820864844502011,0.6747781455068278,666
2011-01-08 14:51:51,298.7452447565471,7,46,-1.099568486213684,3.8185741901397705,35.0450522336907,35.11930245970455,141.58517206559094,125.88588791226852,-0.0002913951757363,0.1036408320069313,0.756864629957029,0.0912549775578241,0.6656096523992048,666
2011-01-08 14:52:21,328.762570864308,7,46,-1.099568486213684,3.806918382644653,35.0450522336907,35.128471540873825,141.58517206559094,125.92084644026028,-0.0002913951757363,0.1036408320069313,0.756864629957029,0.1004240587270999,0.656440571229929,666
2011-01-08 14:52:51,358.7755168955705,7,46,-1.0997490882873535,3.795586347579956,35.0450522336907,35.13763928589985,141.58517206559094,125.95569526854293,-0.0003237724304199,0.1036408320069313,0.756864629957029,0.1095918037531262,0.6472728262039027,666
2011-01-08 14:53:21,388.79076100936174,7,46,-1.0997490882873535,3.7847399711608887,35.0450522336907,35.14680778892151,141.58517206559094,125.99044624887247,-0.0003237724304199,0.1036408320069313,0.756864629957029,0.1187603067747815,0.6381043231822474,666
2011-01-08 14:53:51,418.8058207887349,7,46,-1.0997490882873535,3.774541139602661,35.0450522336907,35.155976287582135,141.58517206559094,126.0251005755424,-0.0002590179501567,0.1036408320069313,0.756864629957029,0.1279288054354097,0.6289358245216192,666
2011-01-08 14:54:21,448.8211490973658,7,46,-1.099568486213684,3.764504194259644,35.0450522336907,35.16514479332143,141.58517206559094,126.05966111603924,-0.0002590179501567,0.1036408320069313,0.756864629957029,0.1370973111747062,0.6197673187823227,666
2011-01-08 14:54:51,478.83607601560817,7,46,-1.099568486213684,3.754952907562256,35.0450522336907,35.17431316821932,141.58517206559094,126.09413083197865,-0.0002266406954731,0.1036408320069313,0.756864629957029,0.1462656860725957,0.6105989438844333,666
2011-01-08 14:55:21,508.8512330874641,7,46,-1.0997490882873535,3.7454018592834473,35.0450522336907,35.18348161567941,141.58517206559094,126.1285129962206,-0.0002266406954731,0.1036408320069313,0.756864629957029,0.1554341335326867,0.6014304964243422,666
2011-01-08 14:55:51,538.8663547911718,7,46,-1.0997490882873535,3.73617434501648,35.0450522336907,35.19265007496585,141.58517206559094,126.16281022562973,-0.0002590179501567,0.1036408320069313,0.756864629957029,0.1646025928191221,0.5922620371379068,666
2011-01-08 14:56:21,568.8815167151207,7,46,-1.099568486213684,3.727270603179932,35.0450522336907,35.201818505309234,141.58517206559094,126.1970242309046,-0.0002590179501567,0.1036408320069313,0.756864629957029,0.1737710231625087,0.5830936067945203,666
2011-01-08 14:56:51,598.8966393611771,7,46,-1.0997490882873535,3.7185287475585938,35.0450522336907,35.21098696711341,141.58517206559094,126.23115800611556,-0.0002590179501567,0.1036408320069313,0.756864629957029,0.1829394849666883,0.5739251449903406,666
2011-01-08 14:57:21,628.9117819318918,7,46,-1.099929690361023,3.7102725505828857,35.0450522336907,35.22015545720228,141.58517206559094,126.26521341914636,-0.0002266406954731,0.1036408320069313,0.756864629957029,0.1921079750555563,0.5647566549014726,666
2011-01-08 14:57:51,658.9269291592121,7,46,-1.099568486213684,3.701854467391968,35.0450522336907,35.22932393091129,141.58517206559094,126.2991920567152,-0.0002266406954731,0.1036408320069313,0.756864629957029,0.2012764487645668,0.5555881811924621,666
2011-01-08 14:58:21,688.9420781308801,7,46,-1.099568486213684,3.69392204284668,35.0450522336907,35.23849237216781,141.58517206559094,126.33309590840642,-0.0001942634553415,0.1036408320069313,0.756864629957029,0.2104448900210869,0.5464197399359421,666
2011-01-08 14:58:51,718.9572355135107,7,46,-1.0997490882873535,3.685989618301392,35.0450522336907,35.24766088801148,141.58517206559094,126.36692697274904,-0.0002266406954731,0.1036408320069313,0.756864629957029,0.2196134058647558,0.5372512240922731,666
2011-01-08 14:59:21,748.9723543851599,7,46,-1.099568486213684,3.678380966186523,35.0450522336907,35.256829395562164,141.58517206559094,126.40068634254877,-0.0001942634553415,0.1036408320069313,0.756864629957029,0.2287819134154389,0.52808271654159,666
2011-01-08 14:59:51,778.9874966751751,7,46,-1.0993878841400146,3.6707725524902335,35.0450522336907,35.26599794345893,141.58517206559094,126.4343759949804,-0.0001618862152099,0.1036408320069313,0.756864629957029,0.2379504613122023,0.5189141686448266,666
2011-01-08 15:00:21,809.0026414112865,7,46,-1.099568486213684,3.663325786590576,35.0450522336907,35.27516642616306,141.58517206559094,126.46799692005064,-0.0001942634553415,0.1036408320069313,0.756864629957029,0.2471189440163357,0.5097456859406932,666
2011-01-08 15:00:51,839.0178959510628,7,46,-1.099568486213684,3.656040906906128,35.0450522336907,35.284334936774506,141.58517206559094,126.50155051842736,-0.0001618862152099,0.1036408320069313,0.756864629957029,0.2562874546277811,0.5005771753292478,666
2011-01-08 15:01:21,869.0329148936581,7,46,-1.099568486213684,3.6489179134368896,35.0450522336907,35.29350345761888,141.58517206559094,126.53503794673657,-0.0002266406954731,0.1036408320069313,0.756864629957029,0.2654559754721575,0.4914086544848715,666
2011-01-08 15:01:51,899.04806443675,7,46,-1.0997490882873535,3.6417949199676514,35.0450522336907,35.30267188976665,141.58517206559094,126.5684603689096,-0.0001942634553415,0.1036408320069313,0.756864629957029,0.2746244076199247,0.4822402223371043,666
2011-01-08 15:02:21,929.0632217091056,7,46,-1.0993878841400146,3.634995698928833,35.0450522336907,35.31184037305444,141.58517206559094,126.60181929961436,-0.0001942634553415,0.1036408320069313,0.756864629957029,0.2837928909077121,0.4730717390493169,666
2011-01-08 15:02:51,959.0786165385268,7,46,-1.0997490882873535,3.628196477890015,35.0450522336907,35.321008919721734,141.58517206559094,126.6351166117111,-0.0002266406954731,0.1036408320069313,0.756864629957029,0.2929614375750091,0.4639031923820198,666
2011-01-08 15:03:21,989.093481607622,7,46,-1.099568486213684,3.621882915496826,35.0450522336907,35.33017728801172,141.58517206559094,126.66835207123644,-0.0001295089750783,0.1036408320069313,0.756864629957029,0.3021298058649933,0.4547348240920357,666
2011-01-08 15:03:51,1019.1086200580678,7,46,-1.0997490882873535,3.6152455806732178,35.0450522336907,35.33934575351482,141.58517206559094,126.70152799802236,-0.0001942634553415,0.1036408320069313,0.756864629957029,0.3112982713680949,0.445566358588934,666
2011-01-08 15:04:21,1049.123797330269,7,46,-1.0993878841400146,3.6090939044952393,35.0450522336907,35.34851427650989,141.58517206559094,126.7346455833007,-0.0001618862152099,0.1036408320069313,0.756864629957029,0.3204667943631634,0.4363978355938656,666
2011-01-08 15:04:51,1079.1390327674358,7,46,-1.099929690361023,3.602780342102051,35.0450522336907,35.35768286254364,141.58517206559094,126.7677060322827,-0.0001618862152099,0.1036408320069313,0.756864629957029,0.3296353803969154,0.4272292495601135,666
2011-01-08 15:05:21,1109.154048421836,7,46,-1.099568486213684,3.5967905521392822,35.0450522336907,35.36685135832332,141.58517206559094,126.80071086104608,-0.0001618862152099,0.1036408320069313,0.756864629957029,0.3388038761765983,0.4180607537804306,666
2011-01-08 15:05:51,1139.1692179146487,7,46,-1.099568486213684,3.5911247730255127,35.0450522336907,35.376019886012976,141.58517206559094,126.83366067305104,-9.713172767078504e-05,0.1036408320069313,0.756864629957029,0.347972403866251,0.4088922260907779,666
2011-01-08 15:06:21,1169.1843406609553,7,46,-1.099568486213684,3.585134983062744,35.0450522336907,35.385188411744046,141.58517206559094,126.86655651901728,-9.713172767078504e-05,0.1036408320069313,0.756864629957029,0.3571409295973211,0.3997237003597078,666
2011-01-08 15:06:51,1199.199545897853,7,46,-1.099568486213684,3.5794689655303955,35.0450522336907,35.39435690496275,141.58517206559094,126.89939972051675,-0.0001295089750783,0.1036408320069313,0.756864629957029,0.3663094228160233,0.3905552071410056,666
2011-01-08 15:07:21,1229.2146926088867,7,46,-1.099568486213684,3.573964834213257,35.0450522336907,35.403525353644255,141.58517206559094,126.93219189600968,-0.0001295089750783,0.1036408320069313,0.756864629957029,0.3754778714975302,0.3813867584594987,666
2011-01-08 15:07:51,1259.2297883528947,7,46,-1.099929690361023,3.568460702896118,35.0450522336907,35.412693869389706,141.58517206559094,126.96493435898394,-0.0001295089750783,0.1036408320069313,0.756864629957029,0.3846463872429808,0.3722182427140481,666
2011-01-08 15:08:21,1289.2449297556989,7,46,-1.0997490882873535,3.5634422302246094,35.0450522336907,35.42186235940572,141.58517206559094,126.997628583563,-0.0001295089750783,0.1036408320069313,0.756864629957029,0.3938148772589969,0.3630497526980321,666
2011-01-08 15:08:51,1319.2601616139457,7,46,-1.099568486213684,3.5584237575531006,35.0450522336907,35.431030865714185,141.58517206559094,127.0302769314426,-0.0001295089750783,0.1036408320069313,0.756864629957029,0.4029833835674594,0.3538812463895695,666
2011-01-08 15:09:21,1349.2751983358526,7,46,-1.0997490882873535,3.5535671710968018,35.0450522336907,35.440199289990915,141.58517206559094,127.06287955184396,-0.0001295089750783,0.1036408320069313,0.756864629957029,0.4121518078441895,0.3447128221128395,666
2011-01-08 15:09:51,1379.290327222462,7,46,-1.0997490882873535,3.548872470855713,35.0450522336907,35.4493677108487,141.58517206559094,127.0954383567842,-0.0001295089750783,0.1036408320069313,0.756864629957029,0.4213202287019726,0.3355444012550563,666
2011-01-08 15:10:21,1409.305682924365,7,46,-1.099568486213684,3.544177770614624,35.0450522336907,35.45853625915343,141.58517206559094,127.12795462093226,-9.713172767078504e-05,0.1036408320069313,0.756864629957029,0.4304887770067083,0.3263758529503207,666
2011-01-08 15:10:51,1439.3205987349238,7,46,-1.0997490882873535,3.539644956588745,35.0450522336907,35.46770465199194,141.58517206559094,127.16042745932974,-9.713172767078504e-05,0.1036408320069313,0.756864629957029,0.4396571698452121,0.3172074601118169,666
2011-01-08 15:11:21,1469.3357341327617,7,46,-1.099929690361023,3.534950256347656,35.0450522336907,35.47687310483794,141.58517206559094,127.192858588457,-9.713172767078504e-05,0.1036408320069313,0.756864629957029,0.448825622691217,0.3080390072658119,666
2011-01-08 15:11:51,1499.3510111886546,7,46,-1.099568486213684,3.530579328536988,35.0450522336907,35.48604166457828,141.58517206559094,127.22524861659748,-0.0001295089750783,0.1036408320069313,0.756864629957029,0.4579941824315554,0.2988704475254735,666
2011-01-08 15:12:21,1529.3682934270796,7,46,-1.099568486213684,3.5262084007263184,35.0450522336907,35.495210840135215,141.58517206559094,127.25760084123752,-9.713172767078504e-05,0.1036408320069313,0.756864629957029,0.4671633579884897,0.2897012719685392,666
2011-01-08 15:12:51,1559.3812119547952,7,46,-1.099568486213684,3.5218374729156494,35.0450522336907,35.504378696923176,141.58517206559094,127.28990779366671,-9.713172767078504e-05,0.1036408320069313,0.756864629957029,0.4763312147764509,0.280533415180578,666
2011-01-08 15:13:21,1589.3963086612018,7,46,-1.099568486213684,3.5174665451049805,35.0450522336907,35.51354722044922,141.58517206559094,127.32217737518684,-0.0001295089750783,0.1036408320069313,0.756864629957029,0.4854997383024937,0.2713648916545352,666
2011-01-08 15:13:51,1619.4114470665347,7,46,-1.0997490882873535,3.5130956172943115,35.0450522336907,35.52271572019576,141.58517206559094,127.35440706736208,-0.0001618862152099,0.1036408320069313,0.756864629957029,0.4946682380490372,0.2621963919079917,666
2011-01-08 15:14:21,1649.426601827632,7,46,-1.0997490882873535,3.5087249279022217,35.0450522336907,35.53188451340702,141.58517206559094,127.38659748504249,-9.713172767078504e-05,0.1036408320069313,0.756864629957029,0.5038370312602964,0.2530275986967325,666
2011-01-08 15:14:51,1679.4417242431136,7,46,-1.099568486213684,3.5045158863067627,35.0450522336907,35.541053813349485,141.58517206559094,127.41875027063551,-9.713172767078504e-05,0.1036408320069313,0.756864629957029,0.5130063312027602,0.2438582987542688,666
2011-01-08 15:15:21,1709.456901244641,7,46,-1.0997490882873535,3.5001449584960938,35.0450522336907,35.550222857297534,141.58517206559094,127.45086274650502,-9.713172767078504e-05,0.1036408320069313,0.756864629957029,0.5221753751508089,0.23468925480622,666
2011-01-08 15:15:51,1739.4721581703632,7,46,-1.099568486213684,3.495774030685425,35.0450522336907,35.55939149653323,141.58517206559094,127.4829336909787,-9.713172767078504e-05,0.1036408320069313,0.756864629957029,0.5313440143865051,0.2255206155705238,666
2011-01-08 15:16:22,1769.487203864632,7,46,-1.0997490882873535,3.491079330444336,35.0450522336907,35.568560066824645,141.58517206559094,127.51496334667492,-0.0001618862152099,0.1036408320069313,0.756864629957029,0.54051258467792,0.216352045279109,666
2011-01-08 15:16:52,1799.502438960949,7,46,-1.099568486213684,3.486708402633667,35.0450522336907,35.57772870845812,141.58517206559094,127.54695156251393,-9.713172767078504e-05,0.1036408320069313,0.756864629957029,0.5496812263113924,0.2071834036456366,666
2011-01-08 15:17:22,1829.5174310666584,7,46,-1.099568486213684,3.481851816177368,35.0450522336907,35.586897225105844,141.58517206559094,127.5788965123925,-0.0001295089750783,0.1036408320069313,0.756864629957029,0.5588497429591186,0.1980148869979103,666
2011-01-08 15:17:52,1859.532707601252,7,46,-1.099929690361023,3.4766714572906494,35.0450522336907,35.596065732840344,141.58517206559094,127.61079606931524,-0.0001295089750783,0.1036408320069313,0.756864629957029,0.5680182506936191,0.1888463792634098,666
2011-01-08 15:18:22,1889.5477315413027,7,46,-1.099568486213684,3.4716529846191406,35.0450522336907,35.60523413708886,141.58517206559094,127.6426491396002,-0.0001295089750783,0.1036408320069313,0.756864629957029,0.5771866549421318,0.1796779750148971,666
2011-01-08 15:18:52,1919.5628695005244,7,46,-1.0997490882873535,3.466148853302002,35.0450522336907,35.61440266033156,141.58517206559094,127.67445453998458,-0.0001618862152099,0.1036408320069313,0.756864629957029,0.5863551781848315,0.1705094517721974,666
2011-01-08 15:19:22,1949.5780018407413,7,46,-1.099568486213684,3.460806608200073,35.0450522336907,35.62357114125701,141.58517206559094,127.70620972509728,-9.713172767078504e-05,0.1036408320069313,0.756864629957029,0.5955236591102846,0.1613409708467443,666
2011-01-08 15:19:52,1979.5932823201672,7,46,-1.099568486213684,3.4544930458068848,35.0450522336907,35.63273964752073,141.58517206559094,127.73791147776058,-0.0001942634553415,0.1036408320069313,0.756864629957029,0.6046921653740043,0.1521724645830247,666
2011-01-08 15:20:22,2009.6082900748788,7,46,-1.0997490882873535,3.4478557109832764,35.0450522336907,35.64190812301003,141.58517206559094,127.76955509347886,-0.0002266406954731,0.1036408320069313,0.756864629957029,0.613860640863308,0.1430039890937209,666
2011-01-08 15:20:52,2039.6235766695456,7,46,-1.0997490882873535,3.440732717514038,35.0450522336907,35.65107672641574,141.58517206559094,127.80113566242224,-0.0001942634553415,0.1036408320069313,0.756864629957029,0.6230292442690128,0.1338353856880161,666
2011-01-08 15:21:22,2069.6385705095777,7,46,-1.099568486213684,3.43280029296875,35.0450522336907,35.66024517999458,141.58517206559094,127.8326460372446,-0.0002266406954731,0.1036408320069313,0.756864629957029,0.6321976978478574,0.1246669321091715,666
2011-01-08 15:21:52,2099.6537116366944,7,46,-1.0997490882873535,3.4235730171203613,35.0450522336907,35.66941369425631,141.58517206559094,127.86407888827176,-0.0002913951757363,0.1036408320069313,0.756864629957029,0.6413662121095882,0.1154984178474407,666
2011-01-08 15:22:22,2129.668859290077,7,46,-1.0993878841400146,3.413212299346924,35.0450522336907,35.67858218026366,141.58517206559094,127.89542195055064,-0.0002913951757363,0.1036408320069313,0.756864629957029,0.6505346981169353,0.1063299318400936,666
2011-01-08 15:22:52,2159.683991565132,7,46,-1.0997490882873535,3.400908946990967,35.0450522336907,35.68775068034557,141.58517206559094,127.92666110811766,-0.0003561496851034,0.1036408320069313,0.756864629957029,0.6597031981988479,0.097161431758181,666
2011-01-08 15:23:22,2189.699173358601,7,46,-1.099568486213684,3.3863391876220703,35.0450522336907,35.69691916182778,141.58517206559094,127.9577784755154,-0.0004532813909463,0.1036408320069313,0.756864629957029,0.6688716796810539,0.087992950275975,666
2011-01-08 15:23:52,2219.7142739847773,7,46,-1.0997490882873535,3.3688554763793945,35.0450522336907,35.706087687350866,141.58517206559094,127.98874875945236,-0.0004856586456298,0.1036408320069313,0.756864629957029,0.678040205204141,0.0788244247528879,666
2011-01-08 15:24:22,2249.731559586585,7,46,-1.0993878841400146,3.347324848175049,35.0450522336907,35.715256885256764,141.58517206559094,128.01954281763102,-0.0006151676061563,0.1036408320069313,0.756864629957029,0.6872094031100389,0.0696552268469901,666
2011-01-08 15:24:52,2279.744561201379,7,46,-1.099568486213684,3.319966077804565,35.0450522336907,35.724424659909175,141.58517206559094,128.05010955850406,-0.0008418083307333,0.1036408320069313,0.756864629957029,0.6963771777624501,0.0604874521945788,666
2011-01-08 15:25:22,2309.7598427083653,7,46,-1.099568486213684,3.284998655319214,35.0450522336907,35.733593151418845,141.58517206559094,128.08039528097356,-0.0011008263099938,0.1036408320069313,0.756864629957029,0.7055456692721194,0.0513189606849096,666
2011-01-08 15:25:52,2339.7750036448533,7,46,-1.0997490882873535,3.239346981048584,35.0450522336907,35.74276165247984,141.58517206559094,128.11031443847318,-0.0013598442310467,0.1036408320069313,0.756864629957029,0.7147141703331172,0.0421504596239117,666
2011-01-08 15:26:22,2369.789999640257,7,46,-1.0993878841400146,3.178154230117798,35.0450522336907,35.751930033060894,141.58517206559094,128.13974682166923,-0.0018131255637854,0.1036408320069313,0.756864629957029,0.7238825509141691,0.0329820790428598,666
2011-01-08 15:26:52,2399.805276625976,7,46,-1.0997490882873535,3.091707229614258,35.0450522336907,35.761098545833505,141.58517206559094,128.16851154218548,-0.0026549338363111,0.1036408320069313,0.756864629957029,0.73305106368678,0.0238135662702489,666
2011-01-08 15:27:22,2429.8202627317314,7,46,-1.099568486213684,2.962522268295288,35.0450522336907,35.77026696231289,141.58517206559094,128.1963104755862,-0.0041119097732007,0.1036408320069313,0.756864629957029,0.7422194801661632,0.0146451497908657,666
2011-01-08 15:27:52,2459.835408615704,7,46,-1.0997490882873535,2.7635648250579834,35.0450522336907,35.779435457752754,141.58517206559094,128.22261723386262,-0.0060868738219141,0.1036408320069313,0.756864629957029,0.7513879756060291,0.0054766543509998,666
2011-01-08 15:28:00,2467.975911067584,7,46,-1.099568486213684,2.699943780899048,35.0450522336907,35.78192206556866,141.58517206559094,128.2294102206846,-0.0062811374664306,0.1036408320069313,0.756864629957029,0.7538745834219327,0.0029900465350962,666
2011-01-08 15:29:00,60.01465085597952,8,46,0.0,3.5386736392974854,35.0450522336907,35.78192206556866,141.58517206559094,128.2294102206846,0.0013274669181555,0.1036408320069313,0.756864629957029,0.7538745834219327,0.0029900465350962,666
2011-01-08 15:29:00,0.187644883787285,9,46,-1.9243103452026844e-05,3.5386736392974854,35.0450522336907,35.781922066571674,141.58517206559094,128.22941022423396,0.0,0.1019293591380119,0.0,1.0030163366536724e-09,-1.0030163366536724e-09,666
2011-01-08 15:29:05,5.015528234600081,9,46,0.0001613661734154,3.546606063842773,35.04505305331704,35.781922066738176,141.58517496981085,128.22941022482348,0.0011332035064697,0.1019293591380119,8.196263436843765e-07,1.6650147927066428e-10,8.194598422051058e-07,666
