Date_Time,Step_Time(s),Step_Index,Cycle_Index,Current(A),Voltage(V),Charge_Capacity(Ah),Discharge_Capacity(Ah),Charge_Energy(Wh),Discharge_Energy(Wh),dV/dt(V/s),Internal_Resistance(Ohm),Reset_Charge_Capacity,Reset_Discharge_Capacity,Capacity_Difference,Cumulative_Cycle_Index
2010-08-25 04:36:10,30.015190996406428,1,40,0.0,3.437171220779419,42.703833883459446,42.6470002803435,169.54505693931145,156.68855173901358,0.0006799221155233,0.0858275592327117,8.828715039044255e-07,1.6628121102257862e-10,8.827052226934029e-07,43
2010-08-25 04:36:40,60.03054326475216,1,40,0.0,3.456759452819824,42.703833883459446,42.6470002803435,169.54505693931145,156.68855173901358,0.0004856586456298,0.0858275592327117,8.828715039044255e-07,1.6628121102257862e-10,8.827052226934029e-07,43
2010-08-25 04:37:10,90.0455928988402,1,40,0.0,3.470843553543091,42.703833883459446,42.6470002803435,169.54505693931145,156.68855173901358,0.0002913951757363,0.0858275592327117,8.828715039044255e-07,1.6628121102257862e-10,8.827052226934029e-07,43
2010-08-25 04:37:40,120.013879981261,1,40,0.0,3.481851816177368,42.703833883459446,42.6470002803435,169.54505693931145,156.68855173901358,0.0002590179501567,0.0858275592327117,8.828715039044255e-07,1.6628121102257862e-10,8.827052226934029e-07,43
2010-08-25 04:38:10,30.01519883594497,2,40,0.5501165986061096,3.610065221786499,42.70842045082733,42.6470002803435,169.56148413503442,156.68855173901358,0.0011979580158367,0.0858275592327117,0.0045874502393914,1.6628121102257862e-10,0.0045874500731102,43
2010-08-25 04:38:40,60.03039012808847,2,40,0.5501165986061096,3.6495654582977295,42.71300707328065,42.6470002803435,169.57813801174544,156.68855173901358,0.0009389400365762,0.0858275592327117,0.0091740726927085,1.6628121102257862e-10,0.0091740725264273,43
2010-08-25 04:39:10,90.04559511436196,2,40,0.5501165986061096,3.678866624832153,42.71759358045709,42.6470002803435,169.59494648543904,156.68855173901358,0.0007122993702068,0.0858275592327117,0.0137605798691495,1.6628121102257862e-10,0.0137605797028683,43
2010-08-25 04:39:40,120.06077075249082,2,40,0.5501165986061096,3.702502012252808,42.72218010758981,42.6470002803435,169.61187602005296,156.68855173901358,0.0005504131549969,0.0858275592327117,0.0183471070018654,1.6628121102257862e-10,0.0183471068355842,43
2010-08-25 04:40:10,150.07596950823591,2,40,0.5499359965324402,3.721766471862793,42.72676666077314,42.6470002803435,169.62890409810518,156.68855173901358,0.0004856586456298,0.0858275592327117,0.0229336601851954,1.6628121102257862e-10,0.0229336600189142,43
2010-08-25 04:40:40,180.09112778810265,2,40,0.550297200679779,3.7371456623077393,42.731353176179184,42.6470002803435,169.64601126023987,156.68855173901358,0.0003885269106831,0.0858275592327117,0.0275201755912419,1.6628121102257862e-10,0.0275201754249607,43
2010-08-25 04:41:10,210.1063136667541,2,40,0.5501165986061096,3.7481539249420166,42.73593970683935,42.6470002803435,169.6631782629589,156.68855173901358,0.0002266406954731,0.0858275592327117,0.0321067062514117,1.6628121102257862e-10,0.0321067060851305,43
2010-08-25 04:41:40,240.12154462275208,2,40,0.5499359965324402,3.754305362701416,42.74052624633538,42.6470002803435,169.68038468547957,156.68855173901358,9.713172767078504e-05,0.0858275592327117,0.0366932457474362,1.6628121102257862e-10,0.036693245581155,43
2010-08-25 04:42:10,270.13706787223543,2,40,0.5499359965324402,3.758514404296875,42.74511285968761,42.6470002803435,169.6976148937089,156.68855173901358,9.713172767078504e-05,0.0858275592327117,0.0412798590996672,1.6628121102257862e-10,0.041279858933386,43
2010-08-25 04:42:40,300.15201757726953,2,40,0.5499359965324402,3.761752128601074,42.74969936805971,42.6470002803435,169.7148609411795,156.68855173901358,9.713172767078504e-05,0.0858275592327117,0.0458663674717669,1.6628121102257862e-10,0.0458663673054857,43
2010-08-25 04:43:10,330.16709436904284,2,40,0.5501165986061096,3.7646660804748535,42.75428587570639,42.6470002803435,169.73212076910832,156.68855173901358,9.713172767078504e-05,0.0858275592327117,0.0504528751184452,1.6628121102257862e-10,0.0504528749521639,43
2010-08-25 04:43:40,360.18228374140165,2,40,0.5499359965324402,3.767256259918213,42.75887245736519,42.6470002803435,169.7493938357287,156.68855173901358,3.237724376958795e-05,0.0858275592327117,0.0550394567772514,1.6628121102257862e-10,0.0550394566109702,43
2010-08-25 04:44:10,390.19744660268674,2,40,0.5501165986061096,3.770332098007202,42.76345905171258,42.6470002803435,169.766679866633,156.68855173901358,9.713172767078504e-05,0.0858275592327117,0.0596260511246384,1.6628121102257862e-10,0.0596260509583572,43
2010-08-25 04:44:40,420.2126263510596,2,40,0.5501165986061096,3.773084163665772,42.76804556731037,42.6470002803435,169.78397845210753,156.68855173901358,9.713172767078504e-05,0.0858275592327117,0.0642125667224249,1.6628121102257862e-10,0.0642125665561437,43
2010-08-25 04:45:10,450.2278183249021,2,40,0.5501165986061096,3.775836229324341,42.772632106933855,42.6470002803435,169.80129004517235,156.68855173901358,9.713172767078504e-05,0.0858275592327117,0.0687991063459136,1.6628121102257862e-10,0.0687991061796324,43
2010-08-25 04:45:40,480.24301707062216,2,40,0.5501165986061096,3.77875018119812,42.77721862470804,42.6470002803435,169.81861426091672,156.68855173901358,0.0001295089750783,0.0858275592327117,0.0733856241200996,1.6628121102257862e-10,0.0733856239538184,43
2010-08-25 04:46:10,510.258311439665,2,40,0.550297200679779,3.78134036064148,42.78180514965997,42.6470002803435,169.83595121959252,156.68855173901358,6.47544875391759e-05,0.0858275592327117,0.0779721490720248,1.6628121102257862e-10,0.0779721489057436,43
2010-08-25 04:46:40,540.2735232028286,2,40,0.5501165986061096,3.784092426300049,42.78639163530776,42.6470002803435,169.85330064099364,156.68855173901358,9.713172767078504e-05,0.0858275592327117,0.0825586347198168,1.6628121102257862e-10,0.0825586345535356,43
2010-08-25 04:47:10,570.2885655637898,2,40,0.5501165986061096,3.786844491958618,42.7909781059175,42.6470002803435,169.87066269024933,156.68855173901358,6.47544875391759e-05,0.0858275592327117,0.0871451053295615,1.6628121102257862e-10,0.0871451051632803,43
2010-08-25 04:47:40,600.3037320039945,2,40,0.5499359965324402,3.789596557617188,42.79556454172219,42.6470002803435,169.88803735798388,156.68855173901358,6.47544875391759e-05,0.0858275592327117,0.0917315411342514,1.6628121102257862e-10,0.0917315409679702,43
2010-08-25 04:48:10,630.3189149302877,2,40,0.5501165986061096,3.792510509490967,42.80015111276386,42.6470002803435,169.90542539215315,156.68855173901358,9.713172767078504e-05,0.0858275592327117,0.0963181121759149,1.6628121102257862e-10,0.0963181120096337,43
2010-08-25 04:48:40,660.3340923077517,2,40,0.550297200679779,3.795424461364746,42.80473761006146,42.6470002803435,169.92282610357975,156.68855173901358,9.713172767078504e-05,0.0858275592327117,0.1009046094735168,1.6628121102257862e-10,0.1009046093072356,43
2010-08-25 04:49:10,690.3494028771709,2,40,0.5501165986061096,3.798338413238525,42.809324216597545,42.6470002803435,169.94024051261448,156.68855173901358,9.713172767078504e-05,0.0858275592327117,0.1054912160096037,1.6628121102257862e-10,0.1054912158433225,43
2010-08-25 04:49:40,720.364597106635,2,40,0.5499359965324402,3.801090478897095,42.813910787723614,42.6470002803435,169.95766841071404,156.68855173901358,6.47544875391759e-05,0.0858275592327117,0.1100777871356726,1.6628121102257862e-10,0.1100777869693914,43
2010-08-25 04:50:10,750.3797900579134,2,40,0.5499359965324402,3.804328203201294,42.81849735784153,42.6470002803435,169.97511024164012,156.68855173901358,6.47544875391759e-05,0.0858275592327117,0.1146643572535879,1.6628121102257862e-10,0.1146643570873067,43
2010-08-25 04:50:40,780.394857581588,2,40,0.5501165986061096,3.807565927505493,42.82308396527476,42.6470002803435,169.9925667406372,156.68855173901358,9.713172767078504e-05,0.0858275592327117,0.1192509646868202,1.6628121102257862e-10,0.119250964520539,43
2010-08-25 04:51:10,810.4100161922792,2,40,0.5501165986061096,3.811127424240112,42.8276705614693,42.6470002803435,170.01003817780253,156.68855173901358,0.0001295089750783,0.0858275592327117,0.1238375608813555,1.6628121102257862e-10,0.1238375607150743,43
2010-08-25 04:51:40,840.4252178402327,2,40,0.5501165986061096,3.8142032623291016,42.83225719420872,42.6470002803435,170.02752530152569,156.68855173901358,0.0,0.0858275592327117,0.1284241936207806,1.6628121102257862e-10,0.1284241934544994,43
2010-08-25 04:52:10,870.4403939294857,2,40,0.5499359965324402,3.8177647590637207,42.83684381307173,42.6470002803435,170.04502815114213,156.68855173901358,0.0001295089750783,0.0858275592327117,0.1330108124837892,1.6628121102257862e-10,0.133010812317508,43
2010-08-25 04:52:40,900.4555733520467,2,40,0.5501165986061096,3.82116436958313,42.84143031110238,42.6470002803435,170.06254636502678,156.68855173901358,9.713172767078504e-05,0.0858275592327117,0.1375973105144368,1.6628121102257862e-10,0.1375973103481556,43
2010-08-25 04:53:10,930.4707516267464,2,40,0.5501165986061096,3.824563980102539,42.84601685463373,42.6470002803435,170.08008051532184,156.68855173901358,6.47544875391759e-05,0.0858275592327117,0.1421838540457898,1.6628121102257862e-10,0.1421838538795086,43
2010-08-25 04:53:40,960.485931866344,2,40,0.550297200679779,3.828125476837158,42.85060342620369,42.6470002803435,170.09763040145927,156.68855173901358,9.713172767078504e-05,0.0858275592327117,0.1467704256157489,1.6628121102257862e-10,0.1467704254494677,43
2010-08-25 04:54:10,990.5012654832044,2,40,0.5499359965324402,3.831201314926148,42.855189930224086,42.6470002803435,170.11519552637753,156.68855173901358,3.237724376958795e-05,0.0858275592327117,0.1513569296361439,1.6628121102257862e-10,0.1513569294698626,43
2010-08-25 04:54:40,1020.5164228257348,2,40,0.5501165986061096,3.8346006870269775,42.85977643601243,42.6470002803435,170.13277581768995,156.68855173901358,9.713172767078504e-05,0.0858275592327117,0.1559434354244899,1.6628121102257862e-10,0.1559434352582087,43
2010-08-25 04:55:10,1050.5314913619327,2,40,0.5501165986061096,3.8378384113311768,42.86436298386776,42.6470002803435,170.15037115895208,156.68855173901358,6.47544875391759e-05,0.0858275592327117,0.1605299832798152,1.6628121102257862e-10,0.160529983113534,43
2010-08-25 04:55:40,1080.546734097289,2,40,0.5501165986061096,3.841076135635376,42.86894959779469,42.6470002803435,170.1679813652834,156.68855173901358,9.713172767078504e-05,0.0858275592327117,0.1651165972067474,1.6628121102257862e-10,0.1651165970404662,43
2010-08-25 04:56:10,1110.5618605879267,2,40,0.5499359965324402,3.844151973724365,42.87353619421776,42.6470002803435,170.1856058685606,156.68855173901358,6.47544875391759e-05,0.0858275592327117,0.1697031936298216,1.6628121102257862e-10,0.1697031934635404,43
2010-08-25 04:56:40,1140.5770736443135,2,40,0.550297200679779,3.8472278118133545,42.87812271895161,42.6470002803435,170.20324413324576,156.68855173901358,6.47544875391759e-05,0.0858275592327117,0.1742897183636671,1.6628121102257862e-10,0.1742897181973859,43
2010-08-25 04:57:10,1170.592337527376,2,40,0.5501165986061096,3.850303649902344,42.88270928629905,42.6470002803435,170.2208964781122,156.68855173901358,9.713172767078504e-05,0.0858275592327117,0.1788762857111052,1.6628121102257862e-10,0.178876285544824,43
2010-08-25 04:57:40,1200.6075462880565,2,40,0.5501165986061096,3.853055715560913,42.88729584414603,42.6470002803435,170.23856223522597,156.68855173901358,6.47544875391759e-05,0.0858275592327117,0.1834628435580896,1.6628121102257862e-10,0.1834628433918084,43
2010-08-25 04:58:10,1230.6225913006265,2,40,0.5501165986061096,3.855969667434693,42.89188237756055,42.6470002803435,170.25624082425887,156.68855173901358,9.713172767078504e-05,0.0858275592327117,0.1880493769726072,1.6628121102257862e-10,0.188049376806326,43
2010-08-25 04:58:40,1260.6377751241555,2,40,0.5501165986061096,3.858559846878052,42.89646893521455,42.6470002803435,170.2739320035545,156.68855173901358,9.713172767078504e-05,0.0858275592327117,0.1926359346266082,1.6628121102257862e-10,0.192635934460327,43
2010-08-25 04:59:10,1290.652932972948,2,40,0.5499359965324402,3.860826253890991,42.90105546553341,42.6470002803435,170.29163480834683,156.68855173901358,3.237724376958795e-05,0.0858275592327117,0.1972224649454688,1.6628121102257862e-10,0.1972224647791876,43
2010-08-25 04:59:40,1320.6681104306117,2,40,0.5501165986061096,3.863416433334351,42.90564205103302,42.6470002803435,170.30934891381938,156.68855173901358,6.47544875391759e-05,0.0858275592327117,0.2018090504450782,1.6628121102257862e-10,0.201809050278797,43
2010-08-25 05:00:10,1350.683305517212,2,40,0.5501165986061096,3.86552095413208,42.91022859349683,42.6470002803435,170.32707305754118,156.68855173901358,6.47544875391759e-05,0.0858275592327117,0.2063955929088905,1.6628121102257862e-10,0.2063955927426093,43
2010-08-25 05:00:40,1380.69847837842,2,40,0.550297200679779,3.8674635887146,42.914815065443904,42.6470002803435,170.34480646599116,156.68855173901358,6.47544875391759e-05,0.0858275592327117,0.2109820648559619,1.6628121102257862e-10,0.2109820646896807,43
2010-08-25 05:01:11,1410.71366849764,2,40,0.550297200679779,3.869244337081909,42.91940163042519,42.6470002803435,170.3625490276081,156.68855173901358,6.47544875391759e-05,0.0858275592327117,0.2155686298372501,1.6628121102257862e-10,0.2155686296709689,43
2010-08-25 05:01:41,1440.729002665875,2,40,0.5501165986061096,3.8710250854492174,42.92398822876222,42.6470002803435,170.3802997069512,156.68855173901358,6.47544875391759e-05,0.0858275592327117,0.2201552281742778,1.6628121102257862e-10,0.2201552280079965,43
2010-08-25 05:02:11,1470.7442822781393,2,40,0.5501165986061096,3.872482061386109,42.9285748411641,42.6470002803435,170.39805773115896,156.68855173901358,3.237724376958795e-05,0.0858275592327117,0.2247418405761578,1.6628121102257862e-10,0.2247418404098766,43
2010-08-25 05:02:41,1500.7593229097906,2,40,0.5501165986061096,3.873777151107788,42.93316138195808,42.6470002803435,170.41582212473313,156.68855173901358,3.237724376958795e-05,0.0858275592327117,0.2293283813701379,1.6628121102257862e-10,0.2293283812038566,43
2010-08-25 05:03:11,1530.7743906139146,2,40,0.5501165986061096,3.875072240829468,42.937747974611945,42.6470002803435,170.43359270465203,156.68855173901358,3.237724376958795e-05,0.0858275592327117,0.2339149740240031,1.6628121102257862e-10,0.2339149738577219,43
2010-08-25 05:03:41,1560.7895613448134,2,40,0.5501165986061096,3.876367330551148,42.942334536123695,42.6470002803435,170.45136894661542,156.68855173901358,6.47544875391759e-05,0.0858275592327117,0.2385015355357538,1.6628121102257862e-10,0.2385015353694726,43
2010-08-25 05:04:11,1590.8047661255746,2,40,0.5499359965324402,3.8773386478424072,42.9469211074972,42.6470002803435,170.46915059073885,156.68855173901358,0.0,0.0858275592327117,0.2430881069092549,1.6628121102257862e-10,0.2430881067429737,43
2010-08-25 05:04:41,1620.8199641093956,2,40,0.550297200679779,3.878795623779297,42.95150765510275,42.6470002803435,170.48693730251514,156.68855173901358,9.713172767078504e-05,0.0858275592327117,0.2476746545148103,1.6628121102257862e-10,0.2476746543485291,43
2010-08-25 05:05:11,1650.835101005969,2,40,0.5499359965324402,3.879605054855346,42.95609421986812,42.6470002803435,170.50472902227145,156.68855173901358,3.237724376958795e-05,0.0858275592327117,0.2522612192801787,1.6628121102257862e-10,0.2522612191138975,43
2010-08-25 05:05:41,1680.8502748446126,2,40,0.5501165986061096,3.880738258361816,42.96068076259077,42.6470002803435,170.52252540446824,156.68855173901358,6.47544875391759e-05,0.0858275592327117,0.2568477620028275,1.6628121102257862e-10,0.2568477618365463,43
2010-08-25 05:06:11,1710.865848244085,2,40,0.5499359965324402,3.881709575653076,42.96526692200518,42.6470002803435,170.54032493488,156.68855173901358,6.47544875391759e-05,0.0858275592327117,0.2614339214172361,1.6628121102257862e-10,0.2614339212509549,43
2010-08-25 05:06:41,1740.880631233613,2,40,0.5501165986061096,3.882680892944336,42.969852443174936,42.6470002803435,170.55812650762047,156.68855173901358,6.47544875391759e-05,0.0858275592327117,0.2660194425869946,1.6628121102257862e-10,0.2660194424207134,43
2010-08-25 05:07:11,1770.8958436283506,2,40,0.5501165986061096,3.883652210235596,42.97443844026561,42.6470002803435,170.57593452550557,156.68855173901358,3.237724376958795e-05,0.0858275592327117,0.2706054396776665,1.6628121102257862e-10,0.2706054395113852,43
2010-08-25 05:07:41,1800.9110136224126,2,40,0.5501165986061096,3.884623527526856,42.97902502272136,42.6470002803435,170.5937493366933,156.68855173901358,3.237724376958795e-05,0.0858275592327117,0.2751920221334174,1.6628121102257862e-10,0.2751920219671362,43
2010-08-25 05:08:11,1830.9262254557511,2,40,0.5499359965324402,3.885432958602905,42.98361165214381,42.6470002803435,170.61156866082126,156.68855173901358,0.0,0.0858275592327117,0.2797786515558655,1.6628121102257862e-10,0.2797786513895843,43
2010-08-25 05:08:41,1860.9413767732656,2,40,0.5501165986061096,3.886566162109375,42.98819819822749,42.6470002803435,170.62939213980874,156.68855173901358,3.237724376958795e-05,0.0858275592327117,0.2843651976395449,1.6628121102257862e-10,0.2843651974732637,43
2010-08-25 05:09:11,1890.956558165736,2,40,0.5501165986061096,3.8875374794006334,42.99278477831638,42.6470002803435,170.64722015727065,156.68855173901358,3.237724376958795e-05,0.0858275592327117,0.2889517777284354,1.6628121102257862e-10,0.2889517775621542,43
2010-08-25 05:09:41,1920.9717372624848,2,40,0.5501165986061096,3.888508796691896,42.99737132908171,42.6470002803435,170.66505255941553,156.68855173901358,3.237724376958795e-05,0.0858275592327117,0.2935383284937671,1.6628121102257862e-10,0.2935383283274859,43
2010-08-25 05:10:11,1950.986932374148,2,40,0.5499359965324402,3.889318227767944,43.00195790997385,42.6470002803435,170.6828895899287,156.68855173901358,0.0,0.0858275592327117,0.2981249093859048,1.6628121102257862e-10,0.2981249092196236,43
2010-08-25 05:10:41,1981.002103280484,2,40,0.5499359965324402,3.890289545059204,43.00654454403893,42.6470002803435,170.70073121606285,156.68855173901358,0.0,0.0858275592327117,0.3027115434509895,1.6628121102257862e-10,0.3027115432847083,43
2010-08-25 05:11:11,2011.0172709637864,2,40,0.550297200679779,3.891422748565674,43.01113111740175,42.6470002803435,170.71857715597713,156.68855173901358,3.237724376958795e-05,0.0858275592327117,0.3072981168138113,1.6628121102257862e-10,0.3072981166475301,43
2010-08-25 05:11:41,2041.0325016942224,2,40,0.550297200679779,3.8927178382873535,43.01571771194797,42.6470002803435,170.7364277761097,156.68855173901358,9.713172767078504e-05,0.0858275592327117,0.3118847113600296,1.6628121102257862e-10,0.3118847111937484,43
2010-08-25 05:12:11,2071.0476754827414,2,40,0.5501165986061096,3.8935272693634033,43.02030433427365,42.6470002803435,170.7542830808719,156.68855173901358,6.47544875391759e-05,0.0858275592327117,0.3164713336857119,1.6628121102257862e-10,0.3164713335194307,43
2010-08-25 05:12:41,2101.0628193266293,2,40,0.550297200679779,3.894498586654663,43.0248909698352,42.6470002803435,170.77214311479503,156.68855173901358,6.47544875391759e-05,0.0858275592327117,0.3210579692472564,1.6628121102257862e-10,0.3210579690809751,43
2010-08-25 05:13:11,2131.077990989852,2,40,0.5501165986061096,3.895308017730713,43.02947762339142,42.6470002803435,170.79000742793457,156.68855173901358,3.237724376958795e-05,0.0858275592327117,0.3256446228034804,1.6628121102257862e-10,0.3256446226371992,43
2010-08-25 05:13:41,2161.0931696254515,2,40,0.5501165986061096,3.8962793350219727,43.03406418749824,42.6470002803435,170.80787617836734,156.68855173901358,0.0,0.0858275592327117,0.3302311869102965,1.6628121102257862e-10,0.3302311867440153,43
2010-08-25 05:14:11,2191.108715947438,2,40,0.5499359965324402,3.8974125385284415,43.03865083080726,42.6470002803435,170.82575010123188,156.68855173901358,3.237724376958795e-05,0.0858275592327117,0.3348178302193219,1.6628121102257862e-10,0.3348178300530406,43
2010-08-25 05:14:41,2221.123530385345,2,40,0.5499359965324402,3.898383855819702,43.04323740629139,42.6470002803435,170.84362857852656,156.68855173901358,0.0,0.0858275592327117,0.3394044057034477,1.6628121102257862e-10,0.3394044055371665,43
2010-08-25 05:15:11,2251.138856663916,2,40,0.550297200679779,3.899678945541382,43.04782402514492,42.6470002803435,170.8615121821961,156.68855173901358,6.47544875391759e-05,0.0858275592327117,0.3439910245569777,1.6628121102257862e-10,0.3439910243906965,43
2010-08-25 05:15:41,2281.153884834511,2,40,0.5501165986061096,3.9006502628326416,43.052410533323055,42.6470002803435,170.8794002265228,156.68855173901358,3.237724376958795e-05,0.0858275592327117,0.3485775327351135,1.6628121102257862e-10,0.3485775325688323,43
2010-08-25 05:16:11,2311.169076362241,2,40,0.550297200679779,3.901945352554321,43.05699708598412,42.6470002803435,170.89729347809026,156.68855173901358,6.47544875391759e-05,0.0858275592327117,0.3531640853961804,1.6628121102257862e-10,0.3531640852298991,43
2010-08-25 05:16:41,2341.1843837788024,2,40,0.5501165986061096,3.902916669845581,43.06158364642415,42.6470002803435,170.9151918346382,156.68855173901358,3.237724376958795e-05,0.0858275592327117,0.3577506458362052,1.6628121102257862e-10,0.357750645669924,43
2010-08-25 05:17:11,2371.199426250039,2,40,0.5501165986061096,3.904049873352051,43.06617020863622,42.6470002803435,170.93309538068493,156.68855173901358,3.237724376958795e-05,0.0858275592327117,0.3623372080482809,1.6628121102257862e-10,0.3623372078819997,43
2010-08-25 05:17:41,2401.214738027468,2,40,0.5501165986061096,3.905183076858521,43.07075688410666,42.6470002803435,170.95100466081922,156.68855173901358,0.0,0.0858275592327117,0.3669238835187158,1.6628121102257862e-10,0.3669238833524346,43
2010-08-25 05:18:11,2431.2298033506586,2,40,0.550297200679779,3.9064781665802,43.075343444818536,42.6470002803435,170.9689186197698,156.68855173901358,3.237724376958795e-05,0.0858275592327117,0.3715104442305943,1.6628121102257862e-10,0.3715104440643131,43
2010-08-25 05:18:41,2461.245088256115,2,40,0.5499359965324402,3.90744948387146,43.07993005294284,42.6470002803435,170.9868382183322,156.68855173901358,3.237724376958795e-05,0.0858275592327117,0.3760970523549005,1.6628121102257862e-10,0.3760970521886193,43
2010-08-25 05:19:11,2491.260267067152,2,40,0.5501165986061096,3.9085826873779297,43.08451654238202,42.6470002803435,171.00476273083865,156.68855173901358,3.237724376958795e-05,0.0858275592327117,0.3806835417940775,1.6628121102257862e-10,0.3806835416277963,43
2010-08-25 05:19:41,2521.2753166310654,2,40,0.5501165986061096,3.90987777709961,43.08910306867397,42.6470002803435,171.0226929854534,156.68855173901358,0.0,0.0858275592327117,0.3852700680860295,1.6628121102257862e-10,0.3852700679197482,43
2010-08-25 05:20:11,2551.290507863059,2,40,0.550297200679779,3.911334753036499,43.09368962111382,42.6470002803435,171.04062885545758,156.68855173901358,3.237724376958795e-05,0.0858275592327117,0.389856620525876,1.6628121102257862e-10,0.3898566203595948,43
2010-08-25 05:20:41,2581.305685065085,2,40,0.5499359965324402,3.912144184112549,43.09827612660128,42.6470002803435,171.05857027363274,156.68855173901358,0.0,0.0858275592327117,0.3944431260133356,1.6628121102257862e-10,0.3944431258470544,43
2010-08-25 05:21:11,2611.3208564125207,2,40,0.5501165986061096,3.91360116004944,43.10286272199448,42.6470002803435,171.07651773853758,156.68855173901358,3.237724376958795e-05,0.0858275592327117,0.399029721406535,1.6628121102257862e-10,0.3990297212402538,43
2010-08-25 05:21:41,2641.3360403864244,2,40,0.5501165986061096,3.914896011352539,43.10744929713548,42.6470002803435,171.09447090529773,156.68855173901358,0.0,0.0858275592327117,0.4036162965475398,1.6628121102257862e-10,0.4036162963812586,43
2010-08-25 05:22:11,2671.351493626423,2,40,0.5501165986061096,3.9161911010742174,43.112035919653216,42.6470002803435,171.11243000419844,156.68855173901358,3.237724376958795e-05,0.0858275592327117,0.4082029190652747,1.6628121102257862e-10,0.4082029188989935,43
2010-08-25 05:22:41,2701.3661105019432,2,40,0.5501165986061096,3.9174861907958975,43.116620067369055,42.6470002803435,171.13038534679268,156.68855173901358,3.237724376958795e-05,0.0858275592327117,0.4127870667811137,1.6628121102257862e-10,0.4127870666148325,43
2010-08-25 05:23:11,2731.381563777029,2,40,0.5501165986061096,3.918781280517578,43.121208939635686,42.6470002803435,171.14836520334293,156.68855173901358,3.237724376958795e-05,0.0858275592327117,0.4173759390477443,1.6628121102257862e-10,0.417375938881463,43
2010-08-25 05:23:41,2761.3968919352847,2,40,0.5501165986061096,3.920238256454468,43.12579550461406,42.6470002803435,171.16634213855227,156.68855173901358,3.237724376958795e-05,0.0858275592327117,0.4219625040261192,1.6628121102257862e-10,0.421962503859838,43
2010-08-25 05:24:11,2791.411932481724,2,40,0.5501165986061096,3.921533346176148,43.1303820318784,42.6470002803435,171.18432496907002,156.68855173901358,6.47544875391759e-05,0.0858275592327117,0.426549031290456,1.6628121102257862e-10,0.4265490311241748,43
2010-08-25 05:24:41,2821.4271056988187,2,40,0.5501165986061096,3.922990322113037,43.13496853529488,42.6470002803435,171.20231392241809,156.68855173901358,3.237724376958795e-05,0.0858275592327117,0.4311355347069394,1.6628121102257862e-10,0.4311355345406582,43
2010-08-25 05:25:11,2851.44228654994,2,40,0.5501165986061096,3.924123525619507,43.13955504627776,42.6470002803435,171.22030913634651,156.68855173901358,0.0,0.0858275592327117,0.4357220456898218,1.6628121102257862e-10,0.4357220455235406,43
2010-08-25 05:25:41,2881.4575255108884,2,40,0.5501165986061096,3.925580501556397,43.14414153794326,42.6470002803435,171.23831058666855,156.68855173901358,0.0,0.0858275592327117,0.440308537355321,1.6628121102257862e-10,0.4403085371890398,43
2010-08-25 05:26:11,2911.472654753385,2,40,0.5501165986061096,3.926875591278076,43.14872807983882,42.6470002803435,171.2563184712786,156.68855173901358,3.237724376958795e-05,0.0858275592327117,0.4448950792508768,1.6628121102257862e-10,0.4448950790845956,43
2010-08-25 05:26:41,2941.4879492377154,2,40,0.5501165986061096,3.928332567214966,43.15331459486874,42.6470002803435,171.27433266136543,156.68855173901358,3.237724376958795e-05,0.0858275592327117,0.4494815942807975,1.6628121102257862e-10,0.4494815941145162,43
2010-08-25 05:27:11,2971.5029916437893,2,40,0.5501165986061096,3.9296276569366455,43.15790115075204,42.6470002803435,171.29235344984056,156.68855173901358,0.0,0.0858275592327117,0.4540681501640975,1.6628121102257862e-10,0.4540681499978163,43
2010-08-25 05:27:41,3001.5181704999386,2,40,0.5501165986061096,3.931084632873535,43.16248766701544,42.6470002803435,171.3103806465207,156.68855173901358,0.0,0.0858275592327117,0.4586546664274991,1.6628121102257862e-10,0.4586546662612178,43
2010-08-25 05:28:11,3031.5333742782013,2,40,0.5501165986061096,3.932541608810425,43.167074188932425,42.6470002803435,171.32841437315608,156.68855173901358,3.237724376958795e-05,0.0858275592327117,0.4632411883444831,1.6628121102257862e-10,0.4632411881782019,43
2010-08-25 05:28:41,3061.5485927931923,2,40,0.550297200679779,3.9343223571777344,43.17166074395762,42.6470002803435,171.3464548780088,156.68855173901358,9.713172767078504e-05,0.0858275592327117,0.4678277433696749,1.6628121102257862e-10,0.4678277432033937,43
2010-08-25 05:29:11,3091.563756326152,2,40,0.5501165986061096,3.935617446899414,43.1762472248138,42.6470002803435,171.3645017843683,156.68855173901358,3.237724376958795e-05,0.0858275592327117,0.472414224225858,1.6628121102257862e-10,0.4724142240595768,43
2010-08-25 05:29:41,3121.5788967114195,2,40,0.5501165986061096,3.937074422836304,43.18083378082487,42.6470002803435,171.38255559669813,156.68855173901358,6.47544875391759e-05,0.0858275592327117,0.4770007802369278,1.6628121102257862e-10,0.4770007800706466,43
2010-08-25 05:30:11,3151.594285971961,2,40,0.5499359965324402,3.938531398773194,43.18542023157731,42.6470002803435,171.40061589743033,156.68855173901358,3.237724376958795e-05,0.0858275592327117,0.4815872309893692,1.6628121102257862e-10,0.4815872308230879,43
2010-08-25 05:30:41,3181.609370097011,2,40,0.5501165986061096,3.939988374710083,43.190006696158406,42.6470002803435,171.41868310369796,156.68855173901358,0.0,0.0858275592327117,0.4861736955704643,1.6628121102257862e-10,0.4861736954041831,43
2010-08-25 05:31:11,3211.6244060018817,2,40,0.5501165986061096,3.9414453506469727,43.19459321248101,42.6470002803435,171.43675748044558,156.68855173901358,0.0,0.0858275592327117,0.4907602118930683,1.6628121102257862e-10,0.4907602117267871,43
2010-08-25 05:31:41,3241.639544667865,2,40,0.5501165986061096,3.943064212799072,43.19918050209908,42.6470002803435,171.4548418973828,156.68855173901358,6.47544875391759e-05,0.0858275592327117,0.4953475015111408,1.6628121102257862e-10,0.4953475013448596,43
2010-08-25 05:32:11,3271.6547294337424,2,40,0.550297200679779,3.944521188735962,43.20376798235476,42.6470002803435,171.47293418234716,156.68855173901358,0.0,0.0858275592327117,0.4999349817668204,1.6628121102257862e-10,0.4999349816005392,43
2010-08-25 05:32:41,3301.6699424901294,2,40,0.5501165986061096,3.9461400508880615,43.208355243818005,42.6470002803435,171.49103275536748,156.68855173901358,3.237724376958795e-05,0.0858275592327117,0.5045222432300633,1.6628121102257862e-10,0.5045222430637821,43
2010-08-25 05:33:12,3331.6850933114065,2,40,0.550297200679779,3.947758913040161,43.21294269003984,42.6470002803435,171.5091391785828,156.68855173901358,3.237724376958795e-05,0.0858275592327117,0.5091096894518969,1.6628121102257862e-10,0.5091096892856157,43
2010-08-25 05:33:42,3361.7004383517383,2,40,0.550297200679779,3.949539661407471,43.21753020219232,42.6470002803435,171.52725323104167,156.68855173901358,6.47544875391759e-05,0.0858275592327117,0.5136972016043799,1.6628121102257862e-10,0.5136972014380987,43
2010-08-25 05:34:12,3391.715718064252,2,40,0.550297200679779,3.95099663734436,43.222117683272735,42.6470002803435,171.54537456057628,156.68855173901358,3.237724376958795e-05,0.0858275592327117,0.5182846826847936,1.6628121102257862e-10,0.5182846825185123,43
2010-08-25 05:34:42,3421.7306269876462,2,40,0.5501165986061096,3.95261549949646,43.22670461925767,42.6470002803435,171.56350120811084,156.68855173901358,3.237724376958795e-05,0.0858275592327117,0.5228716186697255,1.6628121102257862e-10,0.5228716185034443,43
2010-08-25 05:35:12,3451.745832505244,2,40,0.5499359965324402,3.95423436164856,43.231291262223934,42.6470002803435,171.58163427620084,156.68855173901358,3.237724376958795e-05,0.0858275592327117,0.5274582616359922,1.6628121102257862e-10,0.527458261469711,43
2010-08-25 05:35:42,3481.760979968152,2,40,0.550297200679779,3.956176996231079,43.23587797303293,42.6470002803435,171.59977536019673,156.68855173901358,6.47544875391759e-05,0.0858275592327117,0.5320449724449858,1.6628121102257862e-10,0.5320449722787046,43
2010-08-25 05:36:12,3511.7761812902927,2,40,0.5501165986061096,3.9577958583831774,43.24046478564824,42.6470002803435,171.6179246755532,156.68855173901358,3.237724376958795e-05,0.0858275592327117,0.5366317850603011,1.6628121102257862e-10,0.5366317848940199,43
2010-08-25 05:36:42,3541.7913308684724,2,40,0.5501165986061096,3.9594147205352783,43.24505145084146,42.6470002803435,171.63608138340325,156.68855173901358,3.237724376958795e-05,0.0858275592327117,0.5412184502535169,1.6628121102257862e-10,0.5412184500872357,43
2010-08-25 05:37:12,3571.806504957741,2,40,0.550297200679779,3.961357355117798,43.24963813084778,42.6470002803435,171.6542462008842,156.68855173901358,3.237724376958795e-05,0.0858275592327117,0.5458051302598363,1.6628121102257862e-10,0.5458051300935551,43
2010-08-25 05:37:42,3601.821710069327,2,40,0.5499359965324402,3.962814331054688,43.25422497708673,42.6470002803435,171.672419957391,156.68855173901358,0.0,0.0858275592327117,0.550391976498787,1.6628121102257862e-10,0.5503919763325058,43
2010-08-25 05:38:12,3631.837002954672,2,40,0.5499359965324402,3.964756965637207,43.258811660087005,42.6470002803435,171.69060139358018,156.68855173901358,3.237724376958795e-05,0.0858275592327117,0.5549786594990636,1.6628121102257862e-10,0.5549786593327823,43
2010-08-25 05:38:42,3661.852039410917,2,40,0.5501165986061096,3.966699600219727,43.263398377134855,42.6470002803435,171.7087914140874,156.68855173901358,6.47544875391759e-05,0.0858275592327117,0.5595653765469137,1.6628121102257862e-10,0.5595653763806325,43
2010-08-25 05:39:12,3691.867217630479,2,40,0.5501165986061096,3.968480348587036,43.26798512704533,42.6470002803435,171.72699001883254,156.68855173901358,6.47544875391759e-05,0.0858275592327117,0.5641521264573868,1.6628121102257862e-10,0.5641521262911056,43
2010-08-25 05:39:42,3721.882408336161,2,40,0.5501165986061096,3.970422983169556,43.272571801291086,42.6470002803435,171.74519687732482,156.68855173901358,3.237724376958795e-05,0.0858275592327117,0.5687388007031444,1.6628121102257862e-10,0.5687388005368632,43
2010-08-25 05:40:12,3751.8975720395447,2,40,0.550297200679779,3.972527503967285,43.27715851066764,42.6470002803435,171.76341255169115,156.68855173901358,0.0001295089750783,0.0858275592327117,0.5733255100796981,1.6628121102257862e-10,0.5733255099134169,43
2010-08-25 05:40:42,3781.9127354371662,2,40,0.5501165986061096,3.9741463661193848,43.28174523420085,42.6470002803435,171.78163697905387,156.68855173901358,0.0,0.0858275592327117,0.5779122336129063,1.6628121102257862e-10,0.5779122334466251,43
2010-08-25 05:41:12,3811.9280409489807,2,40,0.5501165986061096,3.976089000701904,43.28633203378331,42.6470002803435,171.7998705491833,156.68855173901358,0.0,0.0858275592327117,0.5824990331953686,1.6628121102257862e-10,0.5824990330290873,43
2010-08-25 05:41:42,3841.943085630726,2,40,0.5501165986061096,3.977869749069214,43.29091878651544,42.6470002803435,171.8181126764504,156.68855173901358,0.0,0.0858275592327117,0.5870857859274992,1.6628121102257862e-10,0.587085785761218,43
2010-08-25 05:42:12,3871.958430645994,2,40,0.5501165986061096,3.980136156082153,43.29550548566517,42.6470002803435,171.83636337306217,156.68855173901358,6.47544875391759e-05,0.0858275592327117,0.5916724850772255,1.6628121102257862e-10,0.5916724849109443,43
2010-08-25 05:42:42,3901.973443929487,2,40,0.5499359965324402,3.981916904449463,43.30009211496747,42.6470002803435,171.85462301792458,156.68855173901358,3.237724376958795e-05,0.0858275592327117,0.5962591143795279,1.6628121102257862e-10,0.5962591142132467,43
2010-08-25 05:43:12,3931.9886334020944,2,40,0.5501165986061096,3.984021425247192,43.30467878142055,42.6470002803435,171.87289186048926,156.68855173901358,3.237724376958795e-05,0.0858275592327117,0.6008457808326071,1.6628121102257862e-10,0.6008457806663259,43
2010-08-25 05:43:42,3962.003800318485,2,40,0.5499359965324402,3.986125946044922,43.309265463933976,42.6470002803435,171.8911697796406,156.68855173901358,9.713172767078504e-05,0.0858275592327117,0.605432463346034,1.6628121102257862e-10,0.6054324631797527,43
2010-08-25 05:44:12,3992.018979901447,2,40,0.550297200679779,3.9880685806274414,43.3138521468466,42.6470002803435,171.90945681632155,156.68855173901358,3.237724376958795e-05,0.0858275592327117,0.6100191462586579,1.6628121102257862e-10,0.6100191460923767,43
2010-08-25 05:44:42,4022.0341566072366,2,40,0.5501165986061096,3.990011215209961,43.31843880700141,42.6470002803435,171.9277527962881,156.68855173901358,6.47544875391759e-05,0.0858275592327117,0.614605806413465,1.6628121102257862e-10,0.6146058062471838,43
2010-08-25 05:45:12,4052.0493452878713,2,40,0.5501165986061096,3.991953849792481,43.32302539205264,42.6470002803435,171.946057749262,156.68855173901358,3.237724376958795e-05,0.0858275592327117,0.6191923914647006,1.6628121102257862e-10,0.6191923912984194,43
2010-08-25 05:45:42,4082.064499402357,2,40,0.5501165986061096,3.994058132171631,43.32761211327552,42.6470002803435,171.96437260390772,156.68855173901358,6.470680091297254e-05,0.0858275592327117,0.6237791126875791,1.6628121102257862e-10,0.6237791125212979,43
2010-08-25 05:46:12,4112.079884918567,2,40,0.550297200679779,3.99616265296936,43.3321987467162,42.6470002803435,171.98269644157148,156.68855173901358,9.713172767078504e-05,0.0858275592327117,0.6283657461282601,1.6628121102257862e-10,0.6283657459619789,43
2010-08-25 05:46:42,4142.095002131081,2,40,0.5501165986061096,3.99826717376709,43.33678547817572,42.6470002803435,172.00103014254796,156.68855173901358,6.47544875391759e-05,0.0858275592327117,0.6329524775877786,1.6628121102257862e-10,0.6329524774214974,43
2010-08-25 05:47:12,4172.110034336732,2,40,0.5501165986061096,4.000209808349609,43.34137206450483,42.6470002803435,172.01937252010669,156.68855173901358,6.47544875391759e-05,0.0858275592327117,0.6375390639168899,1.6628121102257862e-10,0.6375390637506086,43
2010-08-25 05:47:42,4202.125324670718,2,40,0.5501165986061096,4.002314567565918,43.34595863944256,42.6470002803435,172.03772450543494,156.68855173901358,6.47544875391759e-05,0.0858275592327117,0.6421256388546155,1.6628121102257862e-10,0.6421256386883343,43
2010-08-25 05:48:12,4232.140382946343,2,40,0.5499359965324402,4.0042572021484375,43.35054527404435,42.6470002803435,172.0560864471275,156.68855173901358,0.0,0.0858275592327117,0.6467122734564086,1.6628121102257862e-10,0.6467122732901274,43
2010-08-25 05:48:42,4262.1555616821925,2,40,0.550297200679779,4.006523609161377,43.35513192977452,42.6470002803435,172.0744582558869,156.68855173901358,6.47544875391759e-05,0.0858275592327117,0.6512989291865807,1.6628121102257862e-10,0.6512989290202995,43
2010-08-25 05:49:12,4292.17072846826,2,40,0.5501165986061096,4.008790016174316,43.35971858268776,42.6470002803435,172.09283996994947,156.68855173901358,6.47544875391759e-05,0.0858275592327117,0.6558855820998204,1.6628121102257862e-10,0.6558855819335392,43
2010-08-25 05:49:42,4322.185889229309,2,40,0.5501165986061096,4.011056423187256,43.36430519246163,42.6470002803435,172.11123137388424,156.68855173901358,6.47544875391759e-05,0.0858275592327117,0.6604721918736871,1.6628121102257862e-10,0.6604721917074059,43
2010-08-25 05:50:12,4352.201099543863,2,40,0.550297200679779,4.013322830200195,43.36889186578966,42.6470002803435,172.12963314549546,156.68855173901358,9.71794142969884e-05,0.0858275592327117,0.6650588652017149,1.6628121102257862e-10,0.6650588650354337,43
2010-08-25 05:50:42,4382.216243362688,2,40,0.5501165986061096,4.015427112579346,43.37347853395824,42.6470002803435,172.14804508857102,156.68855173901358,9.70840483205393e-05,0.0858275592327117,0.6696455333703,1.6628121102257862e-10,0.6696455332040188,43
2010-08-25 05:51:12,4412.231418123631,2,40,0.5501165986061096,4.017531871795654,43.37806515641972,42.6470002803435,172.1664671829343,156.68855173901358,3.24249267578125e-05,0.0858275592327117,0.6742321558317812,1.6628121102257862e-10,0.6742321556655,43
2010-08-25 05:51:42,4442.246592057512,2,40,0.5501165986061096,4.019959926605225,43.38265187009296,42.6470002803435,172.18489994821437,156.68855173901358,9.70840483205393e-05,0.0858275592327117,0.6788188695050152,1.6628121102257862e-10,0.678818869338734,43
2010-08-25 05:52:12,4472.261775610368,2,40,0.550297200679779,4.022226333618164,43.38723855527212,42.6470002803435,172.20334314953794,156.68855173901358,6.47544875391759e-05,0.0858275592327117,0.6834055546841782,1.6628121102257862e-10,0.683405554517897,43
2010-08-25 05:52:42,4502.276947614439,2,40,0.5499359965324402,4.024331092834473,43.391825221452976,42.6470002803435,172.22179685725413,156.68855173901358,3.24249267578125e-05,0.0858275592327117,0.6879922208650342,1.6628121102257862e-10,0.687992220698753,43
2010-08-25 05:53:12,4532.292125944276,2,40,0.550297200679779,4.026921272277832,43.39641184121428,42.6470002803435,172.24026102408007,156.68855173901358,6.47544875391759e-05,0.0858275592327117,0.6925788406263393,1.6628121102257862e-10,0.6925788404600581,43
2010-08-25 05:53:42,4562.307308279095,2,40,0.5501165986061096,4.029187679290772,43.40099851440779,42.6470002803435,172.2587361905019,156.68855173901358,6.47544875391759e-05,0.0858275592327117,0.6971655138198471,1.6628121102257862e-10,0.6971655136535659,43
2010-08-25 05:54:12,4592.322608452605,2,40,0.5501165986061096,4.031615734100342,43.40558524300357,42.6470002803435,172.27722238021732,156.68855173901358,6.47544875391759e-05,0.0858275592327117,0.7017522424156297,1.6628121102257862e-10,0.7017522422493485,43
2010-08-25 05:54:42,4622.337769394106,2,40,0.5501165986061096,4.033882141113281,43.41017188224232,42.6470002803435,172.2957192654379,156.68855173901358,6.47544875391759e-05,0.0858275592327117,0.706338881654375,1.6628121102257862e-10,0.7063388814880938,43
2010-08-25 05:55:12,4652.352821278802,2,40,0.5499359965324402,4.036310195922852,43.414758514183646,42.6470002803435,172.31422720949033,156.68855173901358,6.47544875391759e-05,0.0858275592327117,0.7109255135957042,1.6628121102257862e-10,0.710925513429423,43
2010-08-25 05:55:42,4682.367997358031,2,40,0.5501165986061096,4.038900375366211,43.419345168388496,42.6470002803435,172.33274651305118,156.68855173901358,6.47544875391759e-05,0.0858275592327117,0.7155121678005543,1.6628121102257862e-10,0.715512167634273,43
2010-08-25 05:56:12,4712.383174389633,2,40,0.550297200679779,4.04132890701294,43.42393189748174,42.6470002803435,172.35127732697575,156.68855173901358,6.47544875391759e-05,0.0858275592327117,0.7200988968937949,1.6628121102257862e-10,0.7200988967275137,43
2010-08-25 05:56:42,4742.39833739628,2,40,0.5501165986061096,4.043919086456299,43.42851855662991,42.6470002803435,172.36981935113988,156.68855173901358,9.71794142969884e-05,0.0858275592327117,0.7246855560419689,1.6628121102257862e-10,0.7246855558756877,43
2010-08-25 05:57:12,4772.41354151038,2,40,0.5499359965324402,4.046347141265869,43.43310521286432,42.6470002803435,172.38837297332324,156.68855173901358,3.23295607813634e-05,0.0858275592327117,0.7292722122763777,1.6628121102257862e-10,0.7292722121100965,43
2010-08-25 05:57:42,4802.428683519695,2,40,0.5501165986061096,4.048775672912598,43.4376918752525,42.6470002803435,172.4069383446252,156.68855173901358,6.47544875391759e-05,0.0858275592327117,0.7338588746645556,1.6628121102257862e-10,0.7338588744982744,43
2010-08-25 05:58:12,4832.443875232889,2,40,0.5501165986061096,4.051527500152588,43.44227857878934,42.6470002803435,172.42551560137673,156.68855173901358,6.47544875391759e-05,0.0858275592327117,0.7384455782014001,1.6628121102257862e-10,0.7384455780351189,43
2010-08-25 05:58:42,4862.459046134211,2,40,0.5501165986061096,4.054117679595947,43.44686530618412,42.6470002803435,172.44410482367635,156.68855173901358,6.47544875391759e-05,0.0858275592327117,0.7430323055961807,1.6628121102257862e-10,0.7430323054298995,43
2010-08-25 05:59:12,4892.474215947824,2,40,0.5499359965324402,4.056707859039307,43.45145197982512,42.6470002803435,172.4627058493783,156.68855173901358,3.23295607813634e-05,0.0858275592327117,0.7476189792371812,1.6628121102257862e-10,0.7476189790709,43
2010-08-25 05:59:42,4922.489383826614,2,40,0.550297200679779,4.059621810913086,43.45603876877808,42.6470002803435,172.48131947815918,156.68855173901358,0.0001295089750783,0.0858275592327117,0.7522057681901373,1.6628121102257862e-10,0.7522057680238561,43
2010-08-25 06:00:12,4952.504568201518,2,40,0.550297200679779,4.062050342559815,43.460625479573785,42.6470002803435,172.4999446939651,156.68855173901358,9.71794142969884e-05,0.0858275592327117,0.7567924789858438,1.6628121102257862e-10,0.7567924788195626,43
2010-08-25 06:00:42,4982.5047767370215,2,40,0.5499359965324402,4.064640522003174,43.46520992948091,42.6470002803435,172.51857300127486,156.68855173901358,9.71794142969884e-05,0.0858275592327117,0.7613769288929717,1.6628121102257862e-10,0.7613769287266905,43
2010-08-25 06:01:12,5012.519326219578,2,40,0.5501165986061096,4.067554473876953,43.46979652633234,42.6470002803435,172.5372225524796,156.68855173901358,9.71794142969884e-05,0.0858275592327117,0.7659635257443966,1.6628121102257862e-10,0.7659635255781154,43
2010-08-25 06:01:42,5042.53449150691,2,40,0.550297200679779,4.070306301116943,43.4743831669162,42.6470002803435,172.5558848944993,156.68855173901358,9.70840483205393e-05,0.0858275592327117,0.7705501663282561,1.6628121102257862e-10,0.7705501661619749,43
2010-08-25 06:02:12,5072.549632603952,2,40,0.5501165986061096,4.072896480560303,43.47896982360978,42.6470002803435,172.57455998671367,156.68855173901358,6.47544875391759e-05,0.0858275592327117,0.775136823021839,1.6628121102257862e-10,0.7751368228555577,43
2010-08-25 06:02:42,5102.565014190366,2,40,0.5501165986061096,4.075810432434082,43.48355652831857,42.6470002803435,172.59324811154576,156.68855173901358,6.47544875391759e-05,0.0858275592327117,0.7797235277306314,1.6628121102257862e-10,0.7797235275643501,43
2010-08-25 06:03:12,5132.580142585753,2,40,0.5501165986061096,4.078562736511231,43.48814317021713,42.6470002803435,172.61194891478257,156.68855173901358,6.47544875391759e-05,0.0858275592327117,0.7843101696291868,1.6628121102257862e-10,0.7843101694629055,43
2010-08-25 06:03:42,5162.595149909389,2,40,0.550297200679779,4.08180046081543,43.49272985500228,42.6470002803435,172.63066292791888,156.68855173901358,0.0001295089750783,0.0858275592327117,0.7888968544143395,1.6628121102257862e-10,0.7888968542480583,43
2010-08-25 06:04:12,5192.610332269271,2,40,0.550297200679779,4.084390640258789,43.49731653082181,42.6470002803435,172.6493899694174,156.68855173901358,9.71794142969884e-05,0.0858275592327117,0.7934835302338712,1.6628121102257862e-10,0.79348353006759,43
2010-08-25 06:04:42,5222.625513285804,2,40,0.5501165986061096,4.087142467498779,43.50190314159578,42.6470002803435,172.66813005676926,156.68855173901358,6.47544875391759e-05,0.0858275592327117,0.798070141007841,1.6628121102257862e-10,0.7980701408415598,43
2010-08-25 06:05:12,5252.6406872397365,2,40,0.5499359965324402,4.090056419372559,43.50648983148265,42.6470002803435,172.68688393829927,156.68855173901358,3.23295607813634e-05,0.0858275592327117,0.8026568308947049,1.6628121102257862e-10,0.8026568307284236,43
2010-08-25 06:05:43,5282.655850933094,2,40,0.5501165986061096,4.093294143676758,43.51107646649637,42.6470002803435,172.70565111411202,156.68855173901358,9.70840483205393e-05,0.0858275592327117,0.807243465908428,1.6628121102257862e-10,0.8072434657421468,43
2010-08-25 06:06:13,5312.671192239119,2,40,0.5501165986061096,4.096208095550537,43.515663132971326,42.6470002803435,172.72443208314183,156.68855173901358,6.47544875391759e-05,0.0858275592327117,0.8118301323833848,1.6628121102257862e-10,0.8118301322171035,43
2010-08-25 06:06:43,5342.6863496017,2,40,0.5501165986061096,4.0992841720581055,43.52024983723478,42.6470002803435,172.74322702219288,156.68855173901358,9.71794142969884e-05,0.0858275592327117,0.8164168366468374,1.6628121102257862e-10,0.8164168364805562,43
2010-08-25 06:07:13,5372.7013738425,2,40,0.5499359965324402,4.102035999298096,43.52483662425034,42.6470002803435,172.7620362006289,156.68855173901358,3.23295607813634e-05,0.0858275592327117,0.8210036236623992,1.6628121102257862e-10,0.821003623496118,43
2010-08-25 06:07:43,5402.717226648339,2,40,0.5499359965324402,4.105273723602295,43.52942336342939,42.6470002803435,172.7808591107202,156.68855173901358,6.47544875391759e-05,0.0858275592327117,0.8255903628414458,1.6628121102257862e-10,0.8255903626751646,43
2010-08-25 06:08:13,5432.73173143951,2,40,0.5501165986061096,4.108511447906494,43.53400992059954,42.6470002803435,172.79969542011327,156.68855173901358,9.70840483205393e-05,0.0858275592327117,0.8301769200115956,1.6628121102257862e-10,0.8301769198453144,43
2010-08-25 06:08:43,5462.746924932139,2,40,0.5497553944587708,4.111425399780273,43.53859659250328,42.6470002803435,172.81854647278868,156.68855173901358,6.47544875391759e-05,0.0858275592327117,0.8347635919153404,1.6628121102257862e-10,0.8347635917490592,43
2010-08-25 06:09:13,5492.762096871048,2,40,0.5501165986061096,4.114824771881104,43.543183261342975,42.6470002803435,172.83741183337673,156.68855173901358,0.0001294136018259,0.0858275592327117,0.8393502607550332,1.6628121102257862e-10,0.839350260588752,43
2010-08-25 06:09:43,5522.777258709784,2,40,0.5501165986061096,4.117900848388672,43.54776995068482,42.6470002803435,172.85629180939517,156.68855173901358,6.47544875391759e-05,0.0858275592327117,0.8439369500968752,1.6628121102257862e-10,0.843936949930594,43
2010-08-25 06:10:13,5552.792447560844,2,40,0.5501165986061096,4.120976448059082,43.5523566663731,42.6470002803435,172.875186517649,156.68855173901358,6.47544875391759e-05,0.0858275592327117,0.8485236657851587,1.6628121102257862e-10,0.8485236656188775,43
2010-08-25 06:10:43,5582.807787272895,2,40,0.5501165986061096,4.124214172363281,43.556943409775485,42.6470002803435,172.89409608156976,156.68855173901358,3.23295607813634e-05,0.0858275592327117,0.8531104091875434,1.6628121102257862e-10,0.8531104090212622,43
2010-08-25 06:11:13,5612.822915989081,2,40,0.5501165986061096,4.1274518966674805,43.56153013267396,42.6470002803435,172.9130205152181,156.68855173901358,6.47544875391759e-05,0.0858275592327117,0.8576971320860167,1.6628121102257862e-10,0.8576971319197355,43
2010-08-25 06:11:43,5642.837941858941,2,40,0.5501165986061096,4.130851745605469,43.56611672075818,42.6470002803435,172.9319594614481,156.68855173901358,9.71794142969884e-05,0.0858275592327117,0.8622837201702396,1.6628121102257862e-10,0.8622837200039584,43
2010-08-25 06:12:13,5672.85324452366,2,40,0.5501165986061096,4.134251117706299,43.570703422301705,42.6470002803435,172.9509140979067,156.68855173901358,9.70840483205393e-05,0.0858275592327117,0.866870421713763,1.6628121102257862e-10,0.8668704215474818,43
2010-08-25 06:12:43,5702.868310348098,2,40,0.5501165986061096,4.137650966644287,43.57529009826818,42.6470002803435,172.96988396326034,156.68855173901358,9.71794142969884e-05,0.0858275592327117,0.8714570976802349,1.6628121102257862e-10,0.8714570975139537,43
2010-08-25 06:13:13,5732.883459665628,2,40,0.550297200679779,4.140888690948486,43.57987672966713,42.6470002803435,172.98886913546264,156.68855173901358,9.71794142969884e-05,0.0858275592327117,0.8760437290791856,1.6628121102257862e-10,0.8760437289129044,43
2010-08-25 06:13:43,5762.898756611092,2,40,0.550297200679779,4.1444501876831055,43.58446347648302,42.6470002803435,173.00787039025298,156.68855173901358,9.71794142969884e-05,0.0858275592327117,0.8806304758950816,1.6628121102257862e-10,0.8806304757288004,43
2010-08-25 06:14:13,5792.898799102763,2,40,0.5501165986061096,4.147849559783936,43.58904779508968,42.6470002803435,173.02687767490517,156.68855173901358,9.70840483205393e-05,0.0858275592327117,0.885214794501735,1.6628121102257862e-10,0.8852147943354538,43
2010-08-25 06:14:43,5822.913371642787,2,40,0.5499359965324402,4.151087284088135,43.5936343227365,42.6470002803435,173.04591001276285,156.68855173901358,6.47544875391759e-05,0.0858275592327117,0.889801322148557,1.6628121102257862e-10,0.8898013219822758,43
2010-08-25 06:15:13,5852.928543742096,2,40,0.550297200679779,4.154972553253174,43.59822105657936,42.6470002803435,173.06495925591068,156.68855173901358,9.70840483205393e-05,0.0858275592327117,0.8943880559914206,1.6628121102257862e-10,0.8943880558251394,43
2010-08-25 06:15:43,5882.943710889062,2,40,0.5501165986061096,4.158372402191162,43.60280773056344,42.6470002803435,173.0840243680712,156.68855173901358,9.71794142969884e-05,0.0858275592327117,0.8989747299754995,1.6628121102257862e-10,0.8989747298092183,43
2010-08-25 06:16:13,5912.958900025834,2,40,0.5499359965324402,4.161933898925781,43.60739441495032,42.6470002803435,173.10310582225517,156.68855173901358,9.71794142969884e-05,0.0858275592327117,0.9035614143623788,1.6628121102257862e-10,0.9035614141960976,43
2010-08-25 06:16:43,5942.974065568802,2,40,0.5497553944587708,4.1654953956604,43.61198108598872,42.6470002803435,173.12220361114382,156.68855173901358,9.71794142969884e-05,0.0858275592327117,0.9081480854007752,1.6628121102257862e-10,0.908148085234494,43
2010-08-25 06:17:13,5972.989369847544,2,40,0.5501165986061096,4.16921854019165,43.61656776109784,42.6470002803435,173.14131798573493,156.68855173901358,9.70840483205393e-05,0.0858275592327117,0.912734760509899,1.6628121102257862e-10,0.9127347603436178,43
2010-08-25 06:17:43,6003.004403772479,2,40,0.5501165986061096,4.172942161560059,43.62115438524252,42.6470002803435,173.16044878356075,156.68855173901358,0.0001619339018361,0.0858275592327117,0.9173213846545778,1.6628121102257862e-10,0.9173213844882966,43
2010-08-25 06:18:13,6033.019569666322,2,40,0.5501165986061096,4.176503658294678,43.62574105598159,42.6470002803435,173.17959664716673,156.68855173901358,6.47544875391759e-05,0.0858275592327117,0.9219080553936508,1.6628121102257862e-10,0.9219080552273696,43
2010-08-25 06:18:43,6063.034870070406,2,40,0.5501165986061096,4.180226802825928,43.6303277600155,42.6470002803435,173.19876169179065,156.68855173901358,9.70840483205393e-05,0.0858275592327117,0.9264947594275554,1.6628121102257862e-10,0.9264947592612742,43
2010-08-25 06:19:13,6093.050126800641,2,40,0.5499359965324402,4.183950424194336,43.63491443002106,42.6470002803435,173.2179437859328,156.68855173901358,6.47544875391759e-05,0.0858275592327117,0.9310814294331208,1.6628121102257862e-10,0.9310814292668396,43
2010-08-25 06:19:43,6123.065113583084,2,40,0.5501165986061096,4.187673568725586,43.63950109356076,42.6470002803435,173.2371430828808,156.68855173901358,3.23295607813634e-05,0.0858275592327117,0.9356680929728184,1.6628121102257862e-10,0.9356680928065372,43
2010-08-25 06:20:13,6153.0802821886855,2,40,0.5501165986061096,4.191558837890625,43.64408776484106,42.6470002803435,173.2563598746724,156.68855173901358,6.47544875391759e-05,0.0858275592327117,0.9402547642531188,1.6628121102257862e-10,0.9402547640868376,43
2010-08-25 06:20:43,6183.095459415775,2,40,0.5501165986061096,4.195444107055664,43.64867437269799,42.6470002803435,173.27559391177297,156.68855173901358,9.71794142969884e-05,0.0858275592327117,0.944841372110048,1.6628121102257862e-10,0.9448413719437668,43
2010-08-25 06:21:13,6213.110632166708,2,40,0.5501165986061096,4.199329376220703,43.65326100500784,42.6470002803435,173.2948456536659,156.68855173901358,9.71794142969884e-05,0.0858275592327117,0.9494280044199002,1.6628121102257862e-10,0.949428004253619,43
2010-08-25 06:21:17,6216.938681939604,2,40,0.550297200679779,4.200138568878174,43.6538459844166,42.6470002803435,173.2973023203498,156.68855173901358,0.0001942634553415,0.0858275592327117,0.9500129838286568,1.6628121102257862e-10,0.9500129836623756,43
2010-08-25 06:21:47,30.01539440335914,3,40,0.0,4.121947765350342,43.6538459844166,42.6470002803435,173.2973023203498,156.68855173901358,-0.0003885269106831,0.0858275592327117,0.9500129838286568,1.6628121102257862e-10,0.9500129836623756,43
2010-08-25 06:22:17,60.0303720430149,3,40,0.0,4.111911296844482,43.6538459844166,42.6470002803435,173.2973023203498,156.68855173901358,-0.0001942634553415,0.0858275592327117,0.9500129838286568,1.6628121102257862e-10,0.9500129836623756,43
2010-08-25 06:22:47,90.04552405726581,3,40,0.0,4.106245040893555,43.6538459844166,42.6470002803435,173.2973023203498,156.68855173901358,-0.0001295089750783,0.0858275592327117,0.9500129838286568,1.6628121102257862e-10,0.9500129836623756,43
2010-08-25 06:23:17,120.01403873191649,3,40,0.0,4.102198123931885,43.6538459844166,42.6470002803435,173.2973023203498,156.68855173901358,-0.0001295089750783,0.0858275592327117,0.9500129838286568,1.6628121102257862e-10,0.9500129836623756,43
2010-08-25 06:23:17,0.015615889601777,4,40,1.0090447664260864,4.199976921081543,43.65385036139758,42.6470002803435,173.29732070356891,156.68855173901358,0.0,0.0858275592327117,0.9500173608096388,1.6628121102257862e-10,0.9500173606433576,43
2010-08-25 06:23:18,0.890617377540948,4,40,0.9586548209190368,4.199814796447754,43.65408790533968,42.6470002803435,173.298318337753,156.68855173901358,-3.24249267578125e-05,0.0858275592327117,0.9502549047517376,1.6628121102257862e-10,0.9502549045854564,43
2010-08-25 06:23:20,2.937478735849348,4,40,0.908445417881012,4.199653148651123,43.65461759758197,42.6470002803435,173.30054291075288,156.68855173901358,-6.47544875391759e-05,0.0858275592327117,0.9507845969940264,1.6628121102257862e-10,0.9507845968277452,43
2010-08-25 06:23:23,6.015526663376415,4,40,0.8580554127693176,4.199814796447754,43.65537170541186,42.6470002803435,173.30370997148256,156.68855173901358,3.23295607813634e-05,0.0858275592327117,0.9515387048239176,1.6628121102257862e-10,0.9515387046576363,43
2010-08-25 06:23:27,10.109211460486137,4,40,0.8080266714096069,4.199814796447754,43.65631788582324,42.6470002803435,173.30768372113374,156.68855173901358,0.0,0.0858275592327117,0.9524848852353004,1.6628121102257862e-10,0.9524848850690192,43
2010-08-25 06:23:32,15.32788989789938,4,40,0.7579978704452515,4.199491024017334,43.65745172764145,42.6470002803435,173.31244559399389,156.68855173901358,-6.47544875391759e-05,0.0858275592327117,0.9536187270535096,1.6628121102257862e-10,0.9536187268872284,43
2010-08-25 06:23:39,21.952795586307413,4,40,0.7079691290855408,4.199814796447754,43.658799064702364,42.6470002803435,173.31810409992525,156.68855173901358,0.0,0.0858275592327117,0.9549660641144228,1.6628121102257862e-10,0.9549660639481417,43
2010-08-25 06:23:48,30.624576743190723,4,40,0.6579403281211853,4.199814796447754,43.660441742319385,42.6470002803435,173.32500301886725,156.68855173901358,-3.24249267578125e-05,0.0858275592327117,0.9566087417314436,1.6628121102257862e-10,0.9566087415651624,43
2010-08-25 06:23:59,42.26502288164348,4,40,0.6079115867614746,4.199814796447754,43.662484336838446,42.6470002803435,173.33358148353355,156.68855173901358,-3.24249267578125e-05,0.0858275592327117,0.9586513362505044,1.6628121102257862e-10,0.9586513360842231,43
2010-08-25 06:24:16,59.10847208966964,4,40,0.5578827857971191,4.199814796447754,43.66520417992584,42.6470002803435,173.3450042316686,156.68855173901358,0.0,0.0858275592327117,0.9613711793378954,1.6628121102257862e-10,0.9613711791716142,43
2010-08-25 06:24:42,85.31140747208427,4,40,0.5078540444374084,4.199653148651123,43.6690687212043,42.6470002803435,173.36123446969728,156.68855173901358,0.0,0.0858275592327117,0.9652357206163558,1.6628121102257862e-10,0.9652357204500746,43
2010-08-25 06:25:27,129.8261763229125,4,40,0.4578252732753753,4.199814796447754,43.675014478753525,42.6470002803435,173.38620538148217,156.68855173901358,0.0,0.0858275592327117,0.9711814781655832,1.6628121102257862e-10,0.971181477999302,43
2010-08-25 06:26:40,202.62194763371787,4,40,0.4077965021133423,4.199814796447754,43.68373744987234,42.6470002803435,173.4228399726962,156.68855173901358,3.23295607813634e-05,0.0858275592327117,0.9799044492843976,1.6628121102257862e-10,0.9799044491181164,43
2010-08-25 06:28:21,303.4642060250162,4,40,0.3577677309513092,4.199814796447754,43.69443787677131,42.6470002803435,173.4677793344149,156.68855173901358,0.0,0.0858275592327117,0.9906048761833688,1.6628121102257862e-10,0.9906048760170876,43
2010-08-25 06:30:24,426.6341925298436,4,40,0.3077389597892761,4.199653148651123,43.70580395196659,42.6470002803435,173.51551438460592,156.68855173901358,-3.23295607813634e-05,0.0858275592327117,1.0019709513786452,1.6628121102257862e-10,1.001970951212364,43
2010-08-25 06:32:52,574.6631884300102,4,40,0.257710188627243,4.199653148651123,43.71740804297921,42.6470002803435,173.5642489741103,156.68855173901358,0.0,0.0858275592327117,1.0135750423912668,1.6628121102257862e-10,1.0135750422249856,43
2010-08-25 06:35:53,755.6292092056356,4,40,0.2076814323663711,4.199653148651123,43.72907968532995,42.6470002803435,173.61326723333613,156.68855173901358,-3.23295607813634e-05,0.0858275592327117,1.025246684742008,1.6628121102257862e-10,1.0252466845757269,43
2010-08-25 06:39:51,994.3756567834448,4,40,0.157652661204338,4.199653148651123,43.74113902894425,42.6470002803435,173.66391383482306,156.68855173901358,-3.23295607813634e-05,0.0858275592327117,1.037306028356305,1.6628121102257862e-10,1.0373060281900237,43
2010-08-25 06:45:29,1331.5892797198403,4,40,0.1076238825917244,4.199653148651123,43.753432547050366,42.6470002803435,173.7155439459482,156.68855173901358,-6.47544875391759e-05,0.0858275592327117,1.0495995464624244,1.6628121102257862e-10,1.0495995462961432,43
2010-08-25 06:55:24,1927.2053054123355,4,40,0.0575951151549816,4.199814796447754,43.7666814290979,42.6470002803435,173.7711863436431,156.68855173901358,3.23295607813634e-05,0.0858275592327117,1.0628484285099589,1.6628121102257862e-10,1.0628484283436777,43
2010-08-25 06:57:51,2074.3124499452483,4,40,0.0498289167881011,4.199653148651123,43.76888807190193,42.6470002803435,173.7804537667893,156.68855173901358,-3.23295607813634e-05,0.0858275592327117,1.065055071313985,1.6628121102257862e-10,1.0650550711477038,43
2010-08-25 06:58:22,30.015189262083965,5,40,0.0,4.192692279815674,43.76888807190193,42.6470002803435,173.7804537667893,156.68855173901358,-3.23295607813634e-05,0.0858275592327117,1.065055071313985,1.6628121102257862e-10,1.0650550711477038,43
2010-08-25 06:58:52,0.187626989188439,6,40,-1.9243103452026844e-05,4.191235065460205,43.76888807190193,42.64700028134642,173.7804537667893,156.68855174321706,0.0,0.0893083661794662,1.065055071313985,1.1692051771206023e-09,1.0650550701447798,43
2010-08-25 06:58:52,60.0147187401678,5,40,0.0,4.191558837890625,43.76888807190193,42.6470002803435,173.7804537667893,156.68855173901358,3.23295607813634e-05,0.0858275592327117,1.065055071313985,1.6628121102257862e-10,1.0650550711477038,43
2010-08-25 06:58:57,5.015548750732595,6,40,0.0008838032954372,4.191235065460205,43.76888905077427,42.64700028151399,173.78045786963534,156.6885517439194,-6.47544875391759e-05,0.0893083661794662,1.0650560501863282,1.3367724704949067e-09,1.0650560488495555,43
2010-08-25 06:59:27,30.01514330253864,7,40,-1.099929690361023,4.028054237365723,43.76888905077427,42.6561683543517,173.78045786963534,156.72567079868676,-0.0009389877086505,0.0893083661794662,1.0650560501863282,0.0091680741744823,1.0558879760118458,43
2010-08-25 06:59:57,60.03030975276844,7,40,-1.0997490882873535,4.002962112426758,43.76888905077427,42.66533642315135,173.78045786963534,156.76247738532282,-0.0005503654247149,0.0893083661794662,1.0650560501863282,0.0183361429741353,1.0467199072121929,43
2010-08-25 07:00:27,90.04563322434375,7,40,-1.099568486213684,3.985802173614502,43.76888905077427,42.674504417996864,173.78045786963534,156.79909350392907,-0.0003885269106831,0.0893083661794662,1.0650560501863282,0.0275041378196476,1.0375519123666803,43
2010-08-25 07:00:57,120.06067914417471,7,40,-1.099568486213684,3.972365617752075,43.76888905077427,42.68367229167957,173.78045786963534,156.83557046644447,-0.0002913951757363,0.0893083661794662,1.0650560501863282,0.0366720115023539,1.0283840386839742,43
2010-08-25 07:01:27,150.07583365965945,7,40,-1.099568486213684,3.961033582687378,43.76888905077427,42.69284015660656,173.78045786963534,156.87193504497557,-0.0002913951757363,0.0893083661794662,1.0650560501863282,0.0458398764293406,1.0192161737569876,43
2010-08-25 07:01:57,180.09112548235603,7,40,-1.0997490882873535,3.95099663734436,43.76888905077427,42.70200807070661,173.78045786963534,156.90820208824312,-0.0002590179501567,0.0893083661794662,1.0650560501863282,0.0550077905293946,1.0100482596569336,43
2010-08-25 07:02:27,210.10619388822911,7,40,-1.099568486213684,3.9414453506469727,43.76888905077427,42.7111759010708,173.78045786963534,156.94437978816973,-0.0002266406954731,0.0893083661794662,1.0650560501863282,0.0641756208935859,1.0008804292927422,43
2010-08-25 07:02:57,240.12156267775072,7,40,-1.099568486213684,3.9327034950256334,43.76888905077427,42.720343870816144,173.78045786963534,156.98047442724385,-0.0001942634553415,0.0893083661794662,1.0650560501863282,0.0733435906389274,0.9917124595474008,43
2010-08-25 07:03:27,270.136526618264,7,40,-1.0993878841400146,3.924123525619507,43.76888905077427,42.72951166443893,173.78045786963534,157.0164886275267,-0.0002266406954731,0.0893083661794662,1.0650560501863282,0.0825113842617142,0.982544665924614,43
2010-08-25 07:03:57,300.15169424642954,7,40,-1.099568486213684,3.915867328643799,43.76888905077427,42.73867959121338,173.78045786963534,157.05242652437624,-0.0002266406954731,0.0893083661794662,1.0650560501863282,0.0916793110361666,0.9733767391501617,43
2010-08-25 07:04:27,330.16687077176965,7,40,-1.099568486213684,3.90777325630188,43.76888905077427,42.7478474384184,173.78045786963534,157.08828947980106,-0.0002266406954731,0.0893083661794662,1.0650560501863282,0.10084715824118,0.964208891945148,43
2010-08-25 07:04:57,360.182061788226,7,40,-1.099568486213684,3.899840831756592,43.76888905077427,42.757015376571744,173.78045786963534,157.12407995525734,-0.0002590179501567,0.0893083661794662,1.0650560501863282,0.1100150963945267,0.9550409537918014,43
2010-08-25 07:05:27,390.1972255016348,7,40,-1.0997490882873535,3.892232179641724,43.76888905077427,42.76618323519782,173.78045786963534,157.15979911709067,-0.0002266406954731,0.0893083661794662,1.0650560501863282,0.1191829550206051,0.945873095165723,43
2010-08-25 07:05:57,420.2125309883865,7,40,-1.099929690361023,3.884623527526856,43.76888905077427,42.7753511702225,173.78045786963534,157.19544867347105,-0.0001942634553415,0.0893083661794662,1.0650560501863282,0.128350890045283,0.9367051601410452,43
2010-08-25 07:06:27,450.2275565023597,7,40,-1.099568486213684,3.8770148754119873,43.76888905077427,42.78451906157654,173.78045786963534,157.23102888754823,-0.0002266406954731,0.0893083661794662,1.0650560501863282,0.1375187813993221,0.927537268787006,43
2010-08-25 07:06:57,480.2427453885067,7,40,-1.099568486213684,3.870053768157959,43.76888905077427,42.79368697717578,173.78045786963534,157.26654130344045,-0.0001295089750783,0.0893083661794662,1.0650560501863282,0.1466866969985645,0.9183693531877636,43
2010-08-25 07:07:27,510.2579166006046,7,40,-1.099568486213684,3.862607002258301,43.76888905077427,42.80285490909351,173.78045786963534,157.30198690884257,-0.0002266406954731,0.0893083661794662,1.0650560501863282,0.1558546289162947,0.9092014212700334,43
2010-08-25 07:07:57,540.2731224590518,7,40,-1.099568486213684,3.855484008789064,43.76888905077427,42.812022791387946,173.78045786963534,157.3373666521518,-0.0001618862152099,0.0893083661794662,1.0650560501863282,0.1650225112107293,0.9000335389755989,43
2010-08-25 07:08:27,570.2884301763627,7,40,-1.0997490882873535,3.848361015319824,43.76888905077427,42.8211907528696,173.78045786963534,157.37268142533244,-0.0002266406954731,0.0893083661794662,1.0650560501863282,0.1741904726923806,0.8908655774939476,43
2010-08-25 07:08:57,600.303575062849,7,40,-1.099568486213684,3.841561794281006,43.76888905077427,42.83035865705245,173.78045786963534,157.40793196481872,-0.0001942634553415,0.0893083661794662,1.0650560501863282,0.1833583768752333,0.8816976733110948,43
2010-08-25 07:09:27,630.3186201405812,7,40,-1.099568486213684,3.834762573242188,43.76888905077427,42.83952653546636,173.78045786963534,157.44311943271745,-0.0001618862152099,0.0893083661794662,1.0650560501863282,0.1925262552891453,0.8725297948971829,43
2010-08-25 07:09:57,660.3338555175977,7,40,-1.0997490882873535,3.827963590621948,43.76888905077427,42.84869502222762,173.78045786963534,157.47824703744985,-0.0001618862152099,0.0893083661794662,1.0650560501863282,0.2016947420504067,0.8633613081359215,43
2010-08-25 07:10:27,690.3488977281842,7,40,-1.099929690361023,3.82132625579834,43.76888905077427,42.85786375535439,173.78045786963534,157.51331406783504,-0.0001618862152099,0.0893083661794662,1.0650560501863282,0.2108634751771703,0.8541925750091579,43
2010-08-25 07:10:57,720.3642366282118,7,40,-1.099568486213684,3.814850807189941,43.76888905077427,42.867032381517504,173.78045786963534,157.54832022173323,-0.0001618862152099,0.0893083661794662,1.0650560501863282,0.220032101340287,0.8450239488460412,43
2010-08-25 07:11:27,750.3792672048028,7,40,-1.0997490882873535,3.808213472366333,43.76888905077427,42.876201020235385,173.78045786963534,157.5832665130974,-0.0001942634553415,0.0893083661794662,1.0650560501863282,0.2292007400581681,0.8358553101281601,43
2010-08-25 07:11:57,780.3944654392486,7,40,-1.0997490882873535,3.801899909973145,43.76888905077427,42.88536974107827,173.78045786963534,157.6181544298375,-0.0001942634553415,0.0893083661794662,1.0650560501863282,0.2383694609010547,0.8266865892852735,43
2010-08-25 07:12:27,810.4096087868996,7,40,-1.099568486213684,3.795748233795166,43.76888905077427,42.89453836225034,173.78045786963534,157.65298464652324,-0.0001618862152099,0.0893083661794662,1.0650560501863282,0.2475380820731203,0.8175179681132079,43
2010-08-25 07:12:57,840.4248153771708,7,40,-1.099568486213684,3.7897584438323975,43.76888905077427,42.90370665805676,173.78045786963534,157.68775735264492,-0.0001618862152099,0.0893083661794662,1.0650560501863282,0.2567063778795457,0.8083496723067825,43
2010-08-25 07:13:27,870.439968819982,7,40,-1.0993878841400146,3.783606767654419,43.76888905077427,42.91287445316715,173.78045786963534,157.72247286990344,-0.0001295089750783,0.0893083661794662,1.0650560501863282,0.2658741729899319,0.7991818771963963,43
2010-08-25 07:13:57,900.4551508289891,7,40,-1.0997490882873535,3.777778863906861,43.76888905077427,42.92204226459273,173.78045786963534,157.75713391353878,-0.0002266406954731,0.0893083661794662,1.0650560501863282,0.2750419844155161,0.7900140657708121,43
2010-08-25 07:14:27,930.4703058156484,7,40,-1.0997490882873535,3.772112846374512,43.76888905077427,42.93121017112948,173.78045786963534,157.79174250973358,-0.0001618862152099,0.0893083661794662,1.0650560501863282,0.2842098909522619,0.7808461592340663,43
2010-08-25 07:14:57,960.485483358524,7,40,-1.099568486213684,3.766446828842163,43.76888905077427,42.94037808616713,173.78045786963534,157.826299130595,-0.0001618862152099,0.0893083661794662,1.0650560501863282,0.2933778059899126,0.7716782441964156,43
2010-08-25 07:15:27,990.5006555931708,7,40,-1.099929690361023,3.7607808113098153,43.76888905077427,42.949545970444646,173.78045786963534,157.86080440896188,-0.0001942634553415,0.0893083661794662,1.0650560501863282,0.3025456902674293,0.7625103599188989,43
2010-08-25 07:15:57,1020.5158208303772,7,40,-1.0997490882873535,3.755600452423096,43.76888905077427,42.9587138429728,173.78045786963534,157.8952595627867,-0.0001295089750783,0.0893083661794662,1.0650560501863282,0.3117135627955818,0.7533424873907464,43
2010-08-25 07:16:27,1050.5310156312655,7,40,-1.099568486213684,3.750258445739746,43.76888905077427,42.9678817671258,173.78045786963534,157.929665690695,-0.0001295089750783,0.0893083661794662,1.0650560501863282,0.3208814869485863,0.7441745632377419,43
2010-08-25 07:16:57,1080.5463096243716,7,40,-1.0997490882873535,3.7450780868530273,43.76888905077427,42.97704959351097,173.78045786963534,157.9640231665596,-0.0001295089750783,0.0893083661794662,1.0650560501863282,0.3300493133337525,0.7350067368525757,43
2010-08-25 07:17:27,1110.5613847570098,7,40,-1.099568486213684,3.7398977279663086,43.76888905077427,42.9862173192049,173.78045786963534,157.99833290518671,-0.0001295089750783,0.0893083661794662,1.0650560501863282,0.3392170390276803,0.7258390111586479,43
2010-08-25 07:17:57,1140.5765348314262,7,40,-1.0993878841400146,3.7348792552948,43.76888905077427,42.99538508898836,173.78045786963534,158.03259658150412,-0.0001295089750783,0.0893083661794662,1.0650560501863282,0.3483848088111401,0.7166712413751881,43
2010-08-25 07:18:27,1170.5916827755327,7,40,-1.0993878841400146,3.730022668838501,43.76888905077427,43.004552931430766,173.78045786963534,158.06681509647666,-0.0001295089750783,0.0893083661794662,1.0650560501863282,0.3575526512535489,0.7075033989327792,43
2010-08-25 07:18:57,1200.6070632742374,7,40,-1.099568486213684,3.725327968597412,43.76888905077427,43.01372077821227,173.78045786963534,158.1009892399758,-9.713172767078504e-05,0.0893083661794662,1.0650560501863282,0.3667204980350504,0.6983355521512777,43
2010-08-25 07:19:27,1230.6220344277276,7,40,-1.099568486213684,3.720471382141113,43.76888905077427,43.022888488930015,173.78045786963534,158.13511941047128,-0.0001618862152099,0.0893083661794662,1.0650560501863282,0.3758882087527979,0.6891678414335303,43
2010-08-25 07:19:57,1260.6372242211355,7,40,-1.099568486213684,3.7159385681152335,43.76888905077427,43.0320563065279,173.78045786963534,158.1692068593311,-6.47544875391759e-05,0.0893083661794662,1.0650560501863282,0.3850560263506821,0.6800000238356461,43
2010-08-25 07:20:27,1290.6523766614484,7,40,-1.0993878841400146,3.711081981658936,43.76888905077427,43.04122416505773,173.78045786963534,158.2032522687649,-0.0001618862152099,0.0893083661794662,1.0650560501863282,0.3942238848805104,0.6708321653058178,43
2010-08-25 07:20:57,1320.6675590664424,7,40,-1.0993878841400146,3.706872940063477,43.76888905077427,43.05039207639333,173.78045786963534,158.2372565797457,-0.0001295089750783,0.0893083661794662,1.0650560501863282,0.4033917962161126,0.6616642539702156,43
2010-08-25 07:21:27,1350.6827232209507,7,40,-1.0993878841400146,3.702502012252808,43.76888905077427,43.05955920339202,173.78045786963534,158.27121755965578,-9.713172767078504e-05,0.0893083661794662,1.0650560501863282,0.412558923214803,0.6524971269715252,43
2010-08-25 07:21:58,1380.6978854656993,7,40,-1.099568486213684,3.698131084442138,43.76888905077427,43.06872632970443,173.78045786963534,158.30513850891637,-9.713172767078504e-05,0.0893083661794662,1.0650560501863282,0.4217260495272157,0.6433300006591125,43
2010-08-25 07:22:28,1410.7132338343256,7,40,-1.099568486213684,3.69392204284668,43.76888905077427,43.07789356382368,173.78045786963534,158.33902035328254,-9.713172767078504e-05,0.0893083661794662,1.0650560501863282,0.430893283646462,0.6341627665398661,43
2010-08-25 07:22:58,1440.7283788862242,7,40,-1.0993878841400146,3.6897130012512207,43.76888905077427,43.087060674926086,173.78045786963534,158.3728628372747,-9.713172767078504e-05,0.0893083661794662,1.0650560501863282,0.440060394748869,0.6249956554374592,43
2010-08-25 07:23:28,1470.7434467557605,7,40,-1.099568486213684,3.685342073440552,43.76888905077427,43.09622840086267,173.78045786963534,158.4066691925491,-0.0001618862152099,0.0893083661794662,1.0650560501863282,0.4492281206854542,0.615827929500874,43
2010-08-25 07:23:58,1500.7585875670902,7,40,-1.099568486213684,3.6814568042755127,43.76888905077427,43.10539624924965,173.78045786963534,158.4404384632231,-9.713172767078504e-05,0.0893083661794662,1.0650560501863282,0.4583959690724342,0.606660081113894,43
2010-08-25 07:24:28,1530.7738950037017,7,40,-1.099568486213684,3.677409648895264,43.76888905077427,43.11456416811832,173.78045786963534,158.47417128404172,-9.713172767078504e-05,0.0893083661794662,1.0650560501863282,0.4675638879411039,0.5974921622452243,43
2010-08-25 07:24:58,1560.7889485926462,7,40,-1.099929690361023,3.673362493515015,43.76888905077427,43.12373200761836,173.78045786963534,158.50786775446693,-0.0001295089750783,0.0893083661794662,1.0650560501863282,0.4767317274411411,0.5883243227451871,43
2010-08-25 07:25:28,1590.8041040605046,7,40,-1.0997490882873535,3.6696393489837646,43.76888905077427,43.13289987469003,173.78045786963534,158.54152871144456,-0.0001295089750783,0.0893083661794662,1.0650560501863282,0.4858995945128157,0.5791564556735125,43
2010-08-25 07:25:58,1620.8192843752893,7,40,-1.099568486213684,3.6660778522491455,43.76888905077427,43.14206772458187,173.78045786963534,158.57515453081592,-3.237724376958795e-05,0.0893083661794662,1.0650560501863282,0.4950674444046541,0.5699886057816741,43
2010-08-25 07:26:28,1650.83445004357,7,40,-1.099568486213684,3.662030696868897,43.76888905077427,43.15123559694003,173.78045786963534,158.608745883343,-0.0001295089750783,0.0893083661794662,1.0650560501863282,0.5042353167628164,0.5608207334235118,43
2010-08-25 07:26:58,1680.8497744324318,7,40,-1.099568486213684,3.6586310863494873,43.76888905077427,43.160403476744605,173.78045786963534,158.64230346124955,-9.713172767078504e-05,0.0893083661794662,1.0650560501863282,0.5134031965673884,0.5516528536189398,43
2010-08-25 07:27:28,1710.8648066882074,7,40,-1.0997490882873535,3.654907703399658,43.76888905077427,43.16957130060349,173.78045786963534,158.67582739908175,-9.713172767078504e-05,0.0893083661794662,1.0650560501863282,0.5225710204262697,0.5424850297600585,43
2010-08-25 07:27:58,1740.879968647244,7,40,-1.0993878841400146,3.651346206665039,43.76888905077427,43.1787391062165,173.78045786963534,158.7093187677378,-0.0001295089750783,0.0893083661794662,1.0650560501863282,0.5317388260392804,0.5333172241470479,43
2010-08-25 07:28:28,1770.8951478542676,7,40,-1.099568486213684,3.64778470993042,43.76888905077427,43.18790697549598,173.78045786963534,158.74277864540247,-0.0001618862152099,0.0893083661794662,1.0650560501863282,0.5409066953187605,0.5241493548675678,43
2010-08-25 07:28:58,1800.91045438863,7,40,-1.0997490882873535,3.6445469856262207,43.76888905077427,43.197074770962274,173.78045786963534,158.7762066951927,-9.713172767078504e-05,0.0893083661794662,1.0650560501863282,0.5500744907850574,0.5149815594012708,43
2010-08-25 07:29:28,1830.9255130602423,7,40,-1.099568486213684,3.6413092613220215,43.76888905077427,43.20624256128579,173.78045786963534,158.80960457880894,-9.713172767078504e-05,0.0893083661794662,1.0650560501863282,0.559242281108574,0.5058137690777542,43
2010-08-25 07:29:58,1860.9408149580493,7,40,-1.099568486213684,3.6380715370178223,43.76888905077427,43.21541041316064,173.78045786963534,158.84297305989062,-6.47544875391759e-05,0.0893083661794662,1.0650560501863282,0.5684101329834235,0.4966459172029047,43
2010-08-25 07:30:28,1890.95588679748,7,40,-1.0993878841400146,3.635157585144043,43.76888905077427,43.224578231507714,173.78045786963534,158.87631262076755,-9.713172767078504e-05,0.0893083661794662,1.0650560501863282,0.5775779513304968,0.4874780988558314,43
2010-08-25 07:30:58,1920.971033127564,7,40,-1.099568486213684,3.6320817470550537,43.76888905077427,43.23374596878816,173.78045786963534,158.90962404649892,-9.713172767078504e-05,0.0893083661794662,1.0650560501863282,0.5867456886109466,0.4783103615753816,43
2010-08-25 07:31:28,1950.9861891518087,7,40,-1.099568486213684,3.629005908966065,43.76888905077427,43.24291377216647,173.78045786963534,158.94290847296497,-9.713172767078504e-05,0.0893083661794662,1.0650560501863282,0.5959134919892506,0.4691425581970776,43
2010-08-25 07:31:58,1981.0013552712144,7,40,-1.0993878841400146,3.626253843307495,43.76888905077427,43.25208155314752,173.78045786963534,158.97616630996555,-9.713172767078504e-05,0.0893083661794662,1.0650560501863282,0.6050812729703026,0.4599747772160256,43
2010-08-25 07:32:28,2011.0165402927296,7,40,-1.099568486213684,3.623339891433716,43.76888905077427,43.26124934084028,173.78045786963534,159.00939799481495,-9.713172767078504e-05,0.0893083661794662,1.0650560501863282,0.6142490606630631,0.4508069895232651,43
2010-08-25 07:32:58,2041.031847373454,7,40,-1.0997490882873535,3.6205878257751465,43.76888905077427,43.270417172914975,173.78045786963534,159.04260413557617,-9.713172767078504e-05,0.0893083661794662,1.0650560501863282,0.6234168927377581,0.4416391574485701,43
2010-08-25 07:33:28,2071.0468726568524,7,40,-1.099568486213684,3.617673873901367,43.76888905077427,43.27958492394662,173.78045786963534,159.0757844845677,-0.0001295089750783,0.0893083661794662,1.0650560501863282,0.6325846437694054,0.4324714064169228,43
2010-08-25 07:33:58,2101.062193802631,7,40,-1.0997490882873535,3.6152455806732178,43.76888905077427,43.28875278872476,173.78045786963534,159.10894013945634,-6.47544875391759e-05,0.0893083661794662,1.0650560501863282,0.6417525085475404,0.4233035416387878,43
2010-08-25 07:34:28,2131.077220649928,7,40,-1.0997490882873535,3.612493515014648,43.76888905077427,43.297920580086114,173.78045786963534,159.14207096594507,-6.47544875391759e-05,0.0893083661794662,1.0650560501863282,0.650920299908897,0.4141357502774312,43
2010-08-25 07:34:58,2161.09260932902,7,40,-1.0997490882873535,3.609579563140869,43.76888905077427,43.30708846790385,173.78045786963534,159.17517711430872,-9.713172767078504e-05,0.0893083661794662,1.0650560501863282,0.660088187726636,0.4049678624596922,43
2010-08-25 07:35:28,2191.1076113745025,7,40,-1.099568486213684,3.60715126991272,43.76888905077427,43.31625621929929,173.78045786963534,159.20825821171664,-6.47544875391759e-05,0.0893083661794662,1.0650560501863282,0.669255939122074,0.3958001110642541,43
2010-08-25 07:35:58,2221.122740541812,7,40,-1.099568486213684,3.6043992042541504,43.76888905077427,43.32542393451679,173.78045786963534,159.2413143256489,-6.47544875391759e-05,0.0893083661794662,1.0650560501863282,0.678423654339575,0.3866323958467532,43
2010-08-25 07:36:28,2251.138058484608,7,40,-1.099568486213684,3.601647138595581,43.76888905077427,43.33459174661953,173.78045786963534,159.27434624037554,-6.47544875391759e-05,0.0893083661794662,1.0650560501863282,0.6875914664423135,0.3774645837440147,43
2010-08-25 07:36:58,2281.153220789506,7,40,-1.099568486213684,3.5990569591522217,43.76888905077427,43.34375955854003,173.78045786963534,159.307353277106,-6.47544875391759e-05,0.0893083661794662,1.0650560501863282,0.696759278362812,0.3682967718235161,43
2010-08-25 07:37:28,2311.1687553672227,7,40,-1.099568486213684,3.5963048934936523,43.76888905077427,43.35292748003247,173.78045786963534,159.34033547392127,-3.237724376958795e-05,0.0893083661794662,1.0650560501863282,0.7059271998552532,0.359128850331075,43
2010-08-25 07:37:58,2341.1834521017768,7,40,-1.099568486213684,3.593390941619873,43.76888905077427,43.36209515892322,173.78045786963534,159.3732913226166,-6.47544875391759e-05,0.0893083661794662,1.0650560501863282,0.715094878746001,0.3499611714403272,43
2010-08-25 07:38:28,2371.1986042212898,7,40,-1.0997490882873535,3.590477228164673,43.76888905077427,43.37126297002297,173.78045786963534,159.4062215021871,-9.713172767078504e-05,0.0893083661794662,1.0650560501863282,0.7242626898457516,0.3407933603405766,43
2010-08-25 07:38:58,2401.2137869270337,7,40,-1.099568486213684,3.5875632762908936,43.76888905077427,43.3804308433522,173.78045786963534,159.43912533100664,-6.47544875391759e-05,0.0893083661794662,1.0650560501863282,0.7334305631749842,0.331625487011344,43
2010-08-25 07:39:28,2431.228952038928,7,40,-1.0997490882873535,3.5843255519866943,43.76888905077427,43.3895986946713,173.78045786963534,159.4720020093575,-9.713172767078504e-05,0.0893083661794662,1.0650560501863282,0.7425984144940827,0.3224576356922455,43
2010-08-25 07:39:58,2461.244119195919,7,40,-1.099568486213684,3.581573486328125,43.76888905077427,43.39876645874421,173.78045786963534,159.50485123129073,-9.713172767078504e-05,0.0893083661794662,1.0650560501863282,0.7517661785669958,0.3132898716193324,43
2010-08-25 07:40:28,2491.25940964018,7,40,-1.099568486213684,3.5786595344543457,43.76888905077427,43.407934344248034,173.78045786963534,159.53767345559217,-6.47544875391759e-05,0.0893083661794662,1.0650560501863282,0.7609340640708169,0.3041219861155113,43
2010-08-25 07:40:58,2521.274485113668,7,40,-1.0997490882873535,3.5754218101501465,43.76888905077427,43.4171021828368,173.78045786963534,159.57046731793758,-9.713172767078504e-05,0.0893083661794662,1.0650560501863282,0.770101902659583,0.2949541475267452,43
2010-08-25 07:41:28,2551.289633142987,7,40,-1.099568486213684,3.572345972061157,43.76888905077427,43.42626997631334,173.78045786963534,159.60323194361513,-6.47544875391759e-05,0.0893083661794662,1.0650560501863282,0.7792696961361258,0.2857863540502023,43
2010-08-25 07:41:58,2581.3048063550696,7,40,-1.0997490882873535,3.568946361541748,43.76888905077427,43.435437829936895,173.78045786963534,159.63596722551537,-0.0001295089750783,0.0893083661794662,1.0650560501863282,0.7884375497596778,0.2766185004266503,43
2010-08-25 07:42:28,2611.3199719231006,7,40,-1.0997490882873535,3.565546751022339,43.76888905077427,43.44460565085053,173.78045786963534,159.66867202351705,-9.713172767078504e-05,0.0893083661794662,1.0650560501863282,0.7976053706733097,0.2674506795130185,43
2010-08-25 07:42:58,2641.335294387165,7,40,-1.099568486213684,3.56230902671814,43.76888905077427,43.453773504293615,173.78045786963534,159.7013456101956,-9.713172767078504e-05,0.0893083661794662,1.0650560501863282,0.8067732241163981,0.2582828260699301,43
2010-08-25 07:43:28,2671.3504467522903,7,40,-1.099568486213684,3.5587475299835205,43.76888905077427,43.462941303731256,173.78045786963534,159.733987071005,-6.47544875391759e-05,0.0893083661794662,1.0650560501863282,0.8159410235540392,0.249115026632289,43
2010-08-25 07:43:58,2701.3655078649867,7,40,-1.099568486213684,3.554862260818481,43.76888905077427,43.47210906743528,173.78045786963534,159.76659487548568,-0.0001295089750783,0.0893083661794662,1.0650560501863282,0.8251087872580598,0.2399472629282684,43
2010-08-25 07:44:28,2731.3808054069373,7,40,-1.0997490882873535,3.5511388778686523,43.76888905077427,43.481276953522425,173.78045786963534,159.7991685101629,-9.713172767078504e-05,0.0893083661794662,1.0650560501863282,0.834276673345208,0.2307793768411201,43
2010-08-25 07:44:58,2761.395966528888,7,40,-1.099568486213684,3.5472536087036133,43.76888905077427,43.49044474387323,173.78045786963534,159.83170630200806,-9.713172767078504e-05,0.0893083661794662,1.0650560501863282,0.8434444636960166,0.2216115864903116,43
2010-08-25 07:45:28,2791.411002694408,7,40,-1.099568486213684,3.5430445671081543,43.76888905077427,43.49961255285725,173.78045786963534,159.86420722638664,-0.0001295089750783,0.0893083661794662,1.0650560501863282,0.8526122726800338,0.2124437775062944,43
2010-08-25 07:45:58,2821.426178317499,7,40,-1.099568486213684,3.538835525512696,43.76888905077427,43.50878036934568,173.78045786963534,159.89666981655807,-9.713172767078504e-05,0.0893083661794662,1.0650560501863282,0.8617800891684624,0.2032759610178658,43
2010-08-25 07:46:28,2851.4413560909497,7,40,-1.099568486213684,3.5344645977020264,43.76888905077427,43.517948244377095,173.78045786963534,159.92909317677274,-9.713172767078504e-05,0.0893083661794662,1.0650560501863282,0.8709479641998783,0.1941080859864499,43
2010-08-25 07:46:58,2881.4565508768005,7,40,-1.099568486213684,3.529769897460937,43.76888905077427,43.52711613473805,173.78045786963534,159.96147632203534,-0.0001618862152099,0.0893083661794662,1.0650560501863282,0.8801158545608345,0.1849401956254937,43
2010-08-25 07:47:28,2911.471694655526,7,40,-1.099568486213684,3.5250751972198486,43.76888905077427,43.53628399689311,173.78045786963534,159.99381738030814,-0.0001618862152099,0.0893083661794662,1.0650560501863282,0.8892837167158945,0.1757723334704337,43
2010-08-25 07:47:58,2941.486872624464,7,40,-1.099568486213684,3.52038049697876,43.76888905077427,43.54545182472959,173.78045786963534,160.02611458838334,-0.0001295089750783,0.0893083661794662,1.0650560501863282,0.8984515445523726,0.1666045056339555,43
2010-08-25 07:48:28,2971.5020321223665,7,40,-1.099568486213684,3.515200138092041,43.76888905077427,43.55461966496836,173.78045786963534,160.05836596204145,-0.0001942634553415,0.0893083661794662,1.0650560501863282,0.9076193847911398,0.1574366653951884,43
2010-08-25 07:48:58,3001.5173386266542,7,40,-1.099568486213684,3.5098581314086914,43.76888905077427,43.56378762240266,173.78045786963534,160.0905695062768,-0.0001618862152099,0.0893083661794662,1.0650560501863282,0.9167873422254402,0.1482687079608879,43
2010-08-25 07:49:28,3031.5324010826985,7,40,-1.099568486213684,3.5041921138763428,43.76888905077427,43.572955398759696,173.78045786963534,160.12272116085833,-0.0001295089750783,0.0893083661794662,1.0650560501863282,0.925955118582479,0.1391009316038491,43
2010-08-25 07:49:58,3061.5475536884232,7,40,-1.099568486213684,3.4978785514831543,43.76888905077427,43.58212318716157,173.78045786963534,160.15481760586613,-0.0001618862152099,0.0893083661794662,1.0650560501863282,0.935122906984354,0.1299331432019741,43
2010-08-25 07:50:28,3091.5627216373887,7,40,-1.099568486213684,3.491079330444336,43.76888905077427,43.59129104832915,173.78045786963534,160.18685450838362,-0.0001942634553415,0.0893083661794662,1.0650560501863282,0.94429076815193,0.120765282034398,43
2010-08-25 07:50:58,3121.578146747278,7,40,-1.0997490882873535,3.483470678329468,43.76888905077427,43.600458965375815,173.78045786963534,160.21882610075457,-0.0002266406954731,0.0893083661794662,1.0650560501863282,0.9534586851985978,0.1115973649877304,43
2010-08-25 07:51:28,3151.59309079822,7,40,-1.099568486213684,3.47489070892334,43.76888905077427,43.60962667376295,173.78045786963534,160.2507230685078,-0.0002590179501567,0.0893083661794662,1.0650560501863282,0.9626263935857368,0.1024296566005915,43
2010-08-25 07:51:58,3181.60822819103,7,40,-1.0997490882873535,3.4648537635803223,43.76888905077427,43.61879447331079,173.78045786963534,160.2825356444445,-0.0002913951757363,0.0893083661794662,1.0650560501863282,0.9717941931335758,0.0932618570527523,43
2010-08-25 07:52:28,3211.623523763071,7,40,-1.099568486213684,3.452712297439575,43.76888905077427,43.62796234377134,173.78045786963534,160.31424733233945,-0.0003885269106831,0.0893083661794662,1.0650560501863282,0.98096206359412,0.0840939865922081,43
2010-08-25 07:52:58,3241.638587407076,7,40,-1.099568486213684,3.437656879425049,43.76888905077427,43.63713016716899,173.78045786963534,160.3458343826124,-0.0004532813909463,0.0893083661794662,1.0650560501863282,0.9901298869917738,0.0749261631945543,43
2010-08-25 07:53:28,3271.653756594127,7,40,-1.099568486213684,3.4179069995880127,43.76888905077427,43.64629795982624,173.78045786963534,160.3772633194742,-0.0005827903514727,0.0893083661794662,1.0650560501863282,0.9992976796490254,0.0657583705373028,43
2010-08-25 07:53:59,3301.6689275957,7,40,-1.0997490882873535,3.391681432723999,43.76888905077427,43.65546582490594,173.78045786963534,160.4084842312197,-0.0008094310760498,0.0893083661794662,1.0650560501863282,1.008465544728722,0.0565905054576063,43
2010-08-25 07:54:29,3331.6843450465008,7,40,-1.099568486213684,3.354933261871338,43.76888905077427,43.66463375277771,173.78045786963534,160.4394205434837,-0.0011655807029455,0.0893083661794662,1.0650560501863282,1.017633472600494,0.0474225775858343,43
2010-08-25 07:54:59,3361.699414164147,7,40,-1.0993878841400146,3.30232048034668,43.76888905077427,43.67380156110338,173.78045786963534,160.46995165257886,-0.0015864849556237,0.0893083661794662,1.0650560501863282,1.0268012809261648,0.0382547692601633,43
2010-08-25 07:55:29,3391.714427502776,7,40,-1.0997490882873535,3.2247772216796875,43.76888905077427,43.682969379559694,173.78045786963534,160.49989473509686,-0.0024606704246252,0.0893083661794662,1.0650560501863282,1.035969099382477,0.0290869508038511,43
2010-08-25 07:55:59,3421.729603045668,7,40,-1.0997490882873535,3.103363037109375,43.76888905077427,43.69213726271643,173.78045786963534,160.52894974514177,-0.0039823530241847,0.0893083661794662,1.0650560501863282,1.045136982539212,0.0199190676471161,43
2010-08-25 07:56:25,3447.9635687050804,7,40,-1.0997490882873535,2.9029483795166016,43.76888905077427,43.7001502016332,173.78045786963534,160.55312711887163,-0.0087094781920313,0.0893083661794662,1.0650560501863282,1.053149921455983,0.0119061287303452,43
2010-08-25 07:56:39,3461.9478708889847,7,40,-1.099568486213684,2.7025339603424072,43.76888905077427,43.70442158589552,173.78045786963534,160.5651234064229,-0.0127242086455225,0.0893083661794662,1.0650560501863282,1.0574213057183002,0.007634744468028,43
2010-08-25 07:56:39,3462.1041305912427,7,40,-1.099568486213684,2.699943780899048,43.76888905077427,43.70446931632152,173.78045786963534,160.56525233922036,-0.0127242086455225,0.0893083661794662,1.0650560501863282,1.0574690361443049,0.0075870140420235,43
2010-08-25 07:57:39,60.01481429832814,8,40,0.0,3.42988657951355,43.76888905077427,43.70446931632152,173.78045786963534,160.56525233922036,0.0011655807029455,0.0893083661794662,1.0650560501863282,1.0574690361443049,0.0075870140420235,43
2010-08-25 07:57:39,0.187372996159659,9,40,-1.9243103452026844e-05,3.43004846572876,43.76888905077427,43.70446931732309,173.78045786963534,160.56525234265578,0.0,0.0872892439365387,0.0,1.001566829472722e-09,-1.001566829472722e-09,43
2010-08-25 07:57:44,5.015442716462569,9,40,0.0008838032954372,3.437333106994629,43.76889004370484,43.70446931740806,173.7804612796012,160.56525234294725,0.0010036944877356,0.0872892439365387,9.929305733180629e-07,8.497380576955038e-11,9.928455995122931e-07,43
