Date_Time,Step_Time(s),Step_Index,Cycle_Index,Current(A),Voltage(V),Charge_Capacity(Ah),Discharge_Capacity(Ah),Charge_Energy(Wh),Discharge_Energy(Wh),dV/dt(V/s),Internal_Resistance(Ohm),Reset_Charge_Capacity,Reset_Discharge_Capacity,Capacity_Difference,Cumulative_Cycle_Index
2011-01-12 19:40:42,30.015113147382703,1,23,0.0,3.602294683456421,16.03269676703472,16.00635773874898,64.81121081344845,57.21773961406351,0.0006799221155233,0.10130325704813,8.408231977341529e-07,1.66025415637705e-10,8.406571723185152e-07,722
2011-01-12 19:41:12,60.03022774337579,1,23,0.0,3.623663663864136,16.03269676703472,16.00635773874898,64.81121081344845,57.21773961406351,0.0005180359003134,0.10130325704813,8.408231977341529e-07,1.66025415637705e-10,8.406571723185152e-07,722
2011-01-12 19:41:42,90.04537026897806,1,23,0.0,3.638395309448242,16.03269676703472,16.00635773874898,64.81121081344845,57.21773961406351,0.0003237724304199,0.10130325704813,8.408231977341529e-07,1.66025415637705e-10,8.406571723185152e-07,722
2011-01-12 19:42:12,120.01359475539036,1,23,0.0,3.65005111694336,16.03269676703472,16.00635773874898,64.81121081344845,57.21773961406351,0.0002913951757363,0.10130325704813,8.408231977341529e-07,1.66025415637705e-10,8.406571723185152e-07,722
2011-01-12 19:42:42,30.01511946312348,2,23,0.5501165986061096,3.772436618804932,16.03728318170477,16.00635773874898,64.82842019587825,57.21773961406351,0.0008094310760498,0.10130325704813,0.0045872554932451,1.66025415637705e-10,0.0045872553272197,722
2011-01-12 19:43:12,60.03022903659891,2,23,0.5501165986061096,3.795586347579956,16.041869595312207,16.00635773874898,64.84578069365736,57.21773961406351,0.0004856586456298,0.10130325704813,0.0091736691006829,1.66025415637705e-10,0.0091736689346575,722
2011-01-12 19:43:42,90.04544492504395,2,23,0.5501165986061096,3.8095085620880127,16.046456041044294,16.00635773874898,64.86322303791741,57.21773961406351,0.0003237724304199,0.10130325704813,0.0137601148327703,1.66025415637705e-10,0.0137601146667449,722
2011-01-12 19:44:12,120.06055150104878,2,23,0.5497553944587708,3.81970739364624,16.051042446210005,16.00635773874898,64.88071978743086,57.21773961406351,0.0001942634553415,0.10130325704813,0.0183465199984809,1.66025415637705e-10,0.0183465198324555,722
2011-01-12 19:44:42,150.07557864909467,2,23,0.5501165986061096,3.828611135482788,16.055628818862665,16.00635773874898,64.89825958384482,57.21773961406351,0.0002266406954731,0.10130325704813,0.0229328926511414,1.66025415637705e-10,0.0229328924851159,722
2011-01-12 19:45:12,180.09091176470588,2,23,0.5501165986061096,3.836543321609497,16.06021525573899,16.00635773874898,64.91583701323043,57.21773961406351,0.0002590179501567,0.10130325704813,0.0275193295274647,1.66025415637705e-10,0.0275193293614393,722
2011-01-12 19:45:42,210.1059781956569,2,23,0.5501165986061096,3.843342542648315,16.064801654002142,16.00635773874898,64.93344822947623,57.21773961406351,0.0001942634553415,0.10130325704813,0.0321057277906184,1.66025415637705e-10,0.032105727624593,722
2011-01-12 19:46:12,240.10762992303896,2,23,0.5499359965324402,3.850141763687134,16.069385969836457,16.00635773874898,64.95108266785957,57.21773961406351,0.0002266406954731,0.10130325704813,0.0366900436249331,1.66025415637705e-10,0.0366900434589076,722
2011-01-12 19:46:42,270.1204713385669,2,23,0.5499359965324402,3.855969667434693,16.07397194792901,16.00635773874898,64.96875274648633,57.21773961406351,0.0001295089750783,0.10130325704813,0.0412760217174863,1.66025415637705e-10,0.0412760215514609,722
2011-01-12 19:47:12,300.13568851522257,2,23,0.5501165986061096,3.862121343612671,16.078558303367526,16.00635773874898,64.98645197359286,57.21773961406351,0.0001942634553415,0.10130325704813,0.045862377156002,1.66025415637705e-10,0.0458623769899766,722
2011-01-12 19:47:42,330.15081356226284,2,23,0.5499359965324402,3.8674635887146,16.083144658289136,16.00635773874898,65.00417736776535,57.21773961406351,0.0001295089750783,0.10130325704813,0.0504487320776121,1.66025415637705e-10,0.0504487319115867,722
2011-01-12 19:48:12,360.1659164089731,2,23,0.5499359965324402,3.8726439476013184,16.087731098886344,16.00635773874898,65.02192798554186,57.21773961406351,9.713172767078504e-05,0.10130325704813,0.0550351726748203,1.66025415637705e-10,0.0550351725087949,722
2011-01-12 19:48:42,390.1809262288318,2,23,0.5501165986061096,3.877986192703247,16.092317416442622,16.00635773874898,65.03970186392512,57.21773961406351,0.0001618862152099,0.10130325704813,0.0596214902310983,1.66025415637705e-10,0.0596214900650728,722
2011-01-12 19:49:13,420.1960336920478,2,23,0.5501165986061096,3.882842779159546,16.09690384916705,16.00635773874898,65.05749934258354,57.21773961406351,9.713172767078504e-05,0.10130325704813,0.064207922955525,1.66025415637705e-10,0.0642079227894996,722
2011-01-12 19:49:43,450.211201315201,2,23,0.5501165986061096,3.8876993656158447,16.10149032615402,16.00635773874898,65.07531944738975,57.21773961406351,9.713172767078504e-05,0.10130325704813,0.0687943999424973,1.66025415637705e-10,0.0687943997764719,722
2011-01-12 19:50:13,480.2262877760727,2,23,0.5501165986061096,3.8923940658569336,16.10607677943832,16.00635773874898,65.09316116204843,57.21773961406351,0.0001295089750783,0.10130325704813,0.0733808532267978,1.66025415637705e-10,0.0733808530607724,722
2011-01-12 19:50:43,510.24141392586137,2,23,0.5501165986061096,3.8967649936676025,16.110663301961804,16.00635773874898,65.11102379573335,57.21773961406351,9.713172767078504e-05,0.10130325704813,0.0779673757502799,1.66025415637705e-10,0.0779673755842544,722
2011-01-12 19:51:13,540.2565218502267,2,23,0.5499359965324402,3.901135921478272,16.115249820395416,16.00635773874898,65.12890640963158,57.21773961406351,0.0001295089750783,0.10130325704813,0.0825538941838921,1.66025415637705e-10,0.0825538940178667,722
2011-01-12 19:51:43,570.2716499298251,2,23,0.5499359965324402,3.905183076858521,16.119836240942828,16.00635773874898,65.14680792489938,57.21773961406351,9.713172767078504e-05,0.10130325704813,0.0871403147313039,1.66025415637705e-10,0.0871403145652784,722
2011-01-12 19:52:13,600.2866734137389,2,23,0.550297200679779,3.9092302322387695,16.12442261050286,16.00635773874898,65.16472769590561,57.21773961406351,9.713172767078504e-05,0.10130325704813,0.0917266842913377,1.66025415637705e-10,0.0917266841253123,722
2011-01-12 19:52:43,630.301842054428,2,23,0.5499359965324402,3.912953615188599,16.1290090679502,16.00635773874898,65.18266565000097,57.21773961406351,9.713172767078504e-05,0.10130325704813,0.0963131417386762,1.66025415637705e-10,0.0963131415726508,722
2011-01-12 19:53:13,660.3169506705173,2,23,0.5499359965324402,3.916514873504639,16.13359520985691,16.00635773874898,65.20061927570198,57.21773961406351,6.47544875391759e-05,0.10130325704813,0.1008992836453863,1.66025415637705e-10,0.1008992834793609,722
2011-01-12 19:53:43,690.3321837818871,2,23,0.5501165986061096,3.920076370239258,16.138180731879892,16.00635773874898,65.21858659074672,57.21773961406351,9.713172767078504e-05,0.10130325704813,0.1054848056683681,1.66025415637705e-10,0.1054848055023427,722
2011-01-12 19:54:13,720.3471989400506,2,23,0.5499359965324402,3.923314094543457,16.14276634291983,16.00635773874898,65.2365697137023,57.21773961406351,6.47544875391759e-05,0.10130325704813,0.1100704167083073,1.66025415637705e-10,0.1100704165422818,722
2011-01-12 19:54:43,750.3623029747216,2,23,0.5501165986061096,3.926551818847656,16.147351852877826,16.00635773874898,65.25456718905814,57.21773961406351,0.0001295089750783,0.10130325704813,0.1146559266663018,1.66025415637705e-10,0.1146559265002764,722
2011-01-12 19:55:13,780.3774540817113,2,23,0.5499359965324402,3.929465770721436,16.15193740871969,16.00635773874898,65.2725790804268,57.21773961406351,3.237724376958795e-05,0.10130325704813,0.1192414825081655,1.66025415637705e-10,0.1192414823421401,722
2011-01-12 19:55:43,810.3925548933495,2,23,0.5501165986061096,3.932379722595215,16.156523043200657,16.00635773874898,65.2906049690621,57.21773961406351,9.713172767078504e-05,0.10130325704813,0.1238271169891334,1.66025415637705e-10,0.1238271168231079,722
2011-01-12 19:56:13,840.4078042401832,2,23,0.5501165986061096,3.935293674468994,16.16110886075856,16.00635773874898,65.30864495439191,57.21773961406351,3.237724376958795e-05,0.10130325704813,0.1284129345470361,1.66025415637705e-10,0.1284129343810107,722
2011-01-12 19:56:43,870.422892104553,2,23,0.550297200679779,3.938207626342773,16.165695437618837,16.00635773874898,65.32670088780615,57.21773961406351,0.0001295089750783,0.10130325704813,0.1329995114073128,1.66025415637705e-10,0.1329995112412874,722
2011-01-12 19:57:13,900.4379107514112,2,23,0.5501165986061096,3.940635919570923,16.170281966007025,16.00635773874898,65.34476918494146,57.21773961406351,6.47544875391759e-05,0.10130325704813,0.1375860397955008,1.66025415637705e-10,0.1375860396294754,722
2011-01-12 19:57:43,930.4530386555724,2,23,0.5501165986061096,3.943387985229492,16.174868476877347,16.00635773874898,65.36284969195378,57.21773961406351,6.47544875391759e-05,0.10130325704813,0.1421725506658226,1.66025415637705e-10,0.1421725504997972,722
2011-01-12 19:58:13,960.4681490711464,2,23,0.550297200679779,3.9461400508880615,16.17945495334332,16.00635773874898,65.38094211618952,57.21773961406351,9.713172767078504e-05,0.10130325704813,0.1467590271317966,1.66025415637705e-10,0.1467590269657712,722
2011-01-12 19:58:43,990.483270649542,2,23,0.5501165986061096,3.948568344116211,16.184041558018954,16.00635773874898,65.39904684536266,57.21773961406351,6.47544875391759e-05,0.10130325704813,0.1513456318074304,1.66025415637705e-10,0.151345631641405,722
2011-01-12 19:59:13,1020.4983894109164,2,23,0.5501165986061096,3.9511585235595694,16.1886280315577,16.00635773874898,65.41716276247966,57.21773961406351,6.47544875391759e-05,0.10130325704813,0.1559321053461744,1.66025415637705e-10,0.155932105180149,722
2011-01-12 19:59:43,1050.5157270925229,2,23,0.5501165986061096,3.95358681678772,16.193214915447665,16.00635773874898,65.43529192282602,57.21773961406351,3.237724376958795e-05,0.10130325704813,0.1605189892361416,1.66025415637705e-10,0.1605189890701162,722
2011-01-12 20:00:13,1080.5286628080755,2,23,0.5501165986061096,3.956176996231079,16.19780115016029,16.00635773874898,65.45342999800003,57.21773961406351,9.713172767078504e-05,0.10130325704813,0.1651052239487676,1.66025415637705e-10,0.1651052237827421,722
2011-01-12 20:00:43,1110.5437428930566,2,23,0.5501165986061096,3.9584434032440186,16.20238769869001,16.00635773874898,65.4715805323672,57.21773961406351,3.237724376958795e-05,0.10130325704813,0.1696917724784867,1.66025415637705e-10,0.1696917723124613,722
2011-01-12 20:01:13,1140.5588763811347,2,23,0.5501165986061096,3.961033582687378,16.20697421083271,16.00635773874898,65.48974214272825,57.21773961406351,6.47544875391759e-05,0.10130325704813,0.1742782846211845,1.66025415637705e-10,0.1742782844551591,722
2011-01-12 20:01:43,1170.573999944477,2,23,0.5501165986061096,3.9634618759155273,16.21156080960404,16.00635773874898,65.50791525234402,57.21773961406351,6.47544875391759e-05,0.10130325704813,0.1788648833925172,1.66025415637705e-10,0.1788648832264918,722
2011-01-12 20:02:13,1200.5891097535396,2,23,0.5501165986061096,3.9658901691436768,16.21614738730876,16.00635773874898,65.52609929990592,57.21773961406351,9.713172767078504e-05,0.10130325704813,0.1834514610972348,1.66025415637705e-10,0.1834514609312094,722
2011-01-12 20:02:43,1230.6042288557635,2,23,0.5501165986061096,3.968156576156616,16.220733921455516,16.00635773874898,65.54429419710767,57.21773961406351,3.237724376958795e-05,0.10130325704813,0.1880379952439916,1.66025415637705e-10,0.1880379950779662,722
2011-01-12 20:03:13,1260.6193401936364,2,23,0.5501165986061096,3.970746755599976,16.225320484087753,16.00635773874898,65.56250014669696,57.21773961406351,9.713172767078504e-05,0.10130325704813,0.1926245578762291,1.66025415637705e-10,0.1926245577102037,722
2011-01-12 20:03:43,1290.634497992304,2,23,0.5499359965324402,3.972851276397705,16.229906998503555,16.00635773874898,65.58071673479007,57.21773961406351,6.47544875391759e-05,0.10130325704813,0.1972110722920312,1.66025415637705e-10,0.1972110721260058,722
2011-01-12 20:04:13,1320.6495816812671,2,23,0.5501165986061096,3.975117683410645,16.234493587741,16.00635773874898,65.59894441165684,57.21773961406351,0.0,0.10130325704813,0.2017976615294756,1.66025415637705e-10,0.2017976613634502,722
2011-01-12 20:04:43,1350.6647047984975,2,23,0.5499359965324402,3.977545976638794,16.239080252496823,16.00635773874898,65.61718313242616,57.21773961406351,3.237724376958795e-05,0.10130325704813,0.2063843262852991,1.66025415637705e-10,0.2063843261192737,722
2011-01-12 20:05:13,1380.6798253393074,2,23,0.5501165986061096,3.979974269866944,16.243666757346855,16.00635773874898,65.63543141333626,57.21773961406351,6.47544875391759e-05,0.10130325704813,0.2109708311353308,1.66025415637705e-10,0.2109708309693054,722
2011-01-12 20:05:43,1410.6950955481354,2,23,0.550297200679779,3.982240676879883,16.248253280182574,16.00635773874898,65.65369066797187,57.21773961406351,6.47544875391759e-05,0.10130325704813,0.2155573539710502,1.66025415637705e-10,0.2155573538050248,722
2011-01-12 20:06:13,1440.7100694284215,2,23,0.5501165986061096,3.9845070838928223,16.252839746697344,16.00635773874898,65.67196019520065,57.21773961406351,6.47544875391759e-05,0.10130325704813,0.2201438204858199,1.66025415637705e-10,0.2201438203197945,722
2011-01-12 20:06:43,1470.7251964453717,2,23,0.550297200679779,3.986935377120972,16.257426186946002,16.00635773874898,65.6902401509184,57.21773961406351,9.713172767078504e-05,0.10130325704813,0.2247302607344785,1.66025415637705e-10,0.2247302605684531,722
2011-01-12 20:07:13,1500.7403495423207,2,23,0.5499359965324402,3.988878011703491,16.26201269307257,16.00635773874898,65.70853085193966,57.21773961406351,0.0,0.10130325704813,0.2293167668610465,1.66025415637705e-10,0.2293167666950211,722
2011-01-12 20:07:43,1530.7557153995342,2,23,0.5501165986061096,3.9913063049316406,16.266599245726677,16.00635773874898,65.7268321675399,57.21773961406351,6.47544875391759e-05,0.10130325704813,0.2339033195151536,1.66025415637705e-10,0.2339033193491282,722
2011-01-12 20:08:13,1560.7705455866933,2,23,0.5501165986061096,3.99357271194458,16.271185667915965,16.00635773874898,65.74514335964449,57.21773961406351,3.237724376958795e-05,0.10130325704813,0.2384897417044413,1.66025415637705e-10,0.2384897415384159,722
2011-01-12 20:08:43,1590.7856656262531,2,23,0.5499359965324402,3.9956769943237305,16.27577216128817,16.00635773874898,65.76346512480993,57.21773961406351,3.237724376958795e-05,0.10130325704813,0.2430762350766464,1.66025415637705e-10,0.243076234910621,722
2011-01-12 20:09:13,1620.8007852447638,2,23,0.5501165986061096,3.99810528755188,16.28035870205436,16.00635773874898,65.78179737256427,57.21773961406351,6.47544875391759e-05,0.10130325704813,0.2476627758428371,1.66025415637705e-10,0.2476627756768117,722
2011-01-12 20:09:43,1650.8161670467164,2,23,0.5499359965324402,4.000209808349609,16.28494521640877,16.00635773874898,65.8001397128922,57.21773961406351,3.23295607813634e-05,0.10130325704813,0.2522492901972448,1.66025415637705e-10,0.2522492900312194,722
2011-01-12 20:10:13,1680.8310475192015,2,23,0.5501165986061096,4.002638339996338,16.289531685742123,16.00635773874898,65.8184922419461,57.21773961406351,6.47544875391759e-05,0.10130325704813,0.256835759530599,1.66025415637705e-10,0.2568357593645736,722
2011-01-12 20:10:43,1710.8461692479718,2,23,0.5501165986061096,4.004742622375488,16.294118147715388,16.00635773874898,65.83685501529597,57.21773961406351,3.23295607813634e-05,0.10130325704813,0.2614222215038637,1.66025415637705e-10,0.2614222213378383,722
2011-01-12 20:11:13,1740.8612688666367,2,23,0.5501165986061096,4.007009029388428,16.29870465344364,16.00635773874898,65.85522836947821,57.21773961406351,3.23295607813634e-05,0.10130325704813,0.2660087272321156,1.66025415637705e-10,0.2660087270660902,722
2011-01-12 20:11:43,1770.8764235024214,2,23,0.5501165986061096,4.009437561035156,16.30329116507801,16.00635773874898,65.87361209972981,57.21773961406351,9.71794142969884e-05,0.10130325704813,0.2705952388664876,1.66025415637705e-10,0.2705952387004622,722
2011-01-12 20:12:13,1800.8915084795951,2,23,0.5499359965324402,4.011541843414307,16.307877717278885,16.00635773874898,65.89200637344246,57.21773961406351,6.47544875391759e-05,0.10130325704813,0.2751817910673608,1.66025415637705e-10,0.2751817909013354,722
2011-01-12 20:12:43,1830.906630173278,2,23,0.5499359965324402,4.013970375061035,16.312464219858953,16.00635773874898,65.91041096541302,57.21773961406351,6.47544875391759e-05,0.10130325704813,0.2797682936474288,1.66025415637705e-10,0.2797682934814034,722
2011-01-12 20:13:13,1860.9217633505816,2,23,0.5501165986061096,4.016236782073975,16.31705075717427,16.00635773874898,65.92882618653039,57.21773961406351,9.71794142969884e-05,0.10130325704813,0.2843548309627444,1.66025415637705e-10,0.2843548307967189,722
2011-01-12 20:13:43,1890.9368843224647,2,23,0.5501165986061096,4.018503189086914,16.321637249937993,16.00635773874898,65.94725179260116,57.21773961406351,6.47544875391759e-05,0.10130325704813,0.2889413237264691,1.66025415637705e-10,0.2889413235604436,722
2011-01-12 20:14:13,1920.9520156651963,2,23,0.5501165986061096,4.0207695960998535,16.326223798582845,16.00635773874898,65.96568819849284,57.21773961406351,6.47544875391759e-05,0.10130325704813,0.293527872371321,1.66025415637705e-10,0.2935278722052956,722
2011-01-12 20:14:43,1950.9671118753663,2,23,0.5501165986061096,4.023197650909424,16.330810240700377,16.00635773874898,65.98413497704286,57.21773961406351,6.47544875391759e-05,0.10130325704813,0.2981143144888527,1.66025415637705e-10,0.2981143143228273,722
2011-01-12 20:15:13,1980.9822424010613,2,23,0.5501165986061096,4.025626182556152,16.3353967805802,16.00635773874898,66.00259294619357,57.21773961406351,6.47544875391759e-05,0.10130325704813,0.3027008543686769,1.66025415637705e-10,0.3027008542026514,722
2011-01-12 20:15:43,2010.997371503208,2,23,0.5501165986061096,4.027892589569092,16.339983285149508,16.00635773874898,66.0210616924355,57.21773961406351,6.47544875391759e-05,0.10130325704813,0.3072873589379838,1.66025415637705e-10,0.3072873587719584,722
2011-01-12 20:16:13,2041.0124793573984,2,23,0.5501165986061096,4.030482769012451,16.344569854872,16.00635773874898,66.03954165671908,57.21773961406351,6.47544875391759e-05,0.10130325704813,0.311873928660475,1.66025415637705e-10,0.3118739284944496,722
2011-01-12 20:16:43,2071.0275989759093,2,23,0.5501165986061096,4.032587051391602,16.34915634175254,16.00635773874898,66.05803233132517,57.21773961406351,0.0,0.10130325704813,0.316460415541016,1.66025415637705e-10,0.3164604153749906,722
2011-01-12 20:17:13,2101.042732975261,2,23,0.550297200679779,4.035338878631592,16.35374283258264,16.00635773874898,66.07653421721673,57.21773961406351,6.47544875391759e-05,0.10130325704813,0.3210469063711159,1.66025415637705e-10,0.3210469062050904,722
2011-01-12 20:17:43,2131.058103594343,2,23,0.5501165986061096,4.03776741027832,16.35832937112717,16.00635773874898,66.095047607323,57.21773961406351,9.71794142969884e-05,0.10130325704813,0.3256334449156455,1.66025415637705e-10,0.3256334447496201,722
2011-01-12 20:18:13,2161.0752463501344,2,23,0.550297200679779,4.040195465087891,16.36291625319244,16.00635773874898,66.11357373029853,57.21773961406351,6.47544875391759e-05,0.10130325704813,0.3302203269809176,1.66025415637705e-10,0.3302203268148922,722
2011-01-12 20:18:43,2191.088213940128,2,23,0.5501165986061096,4.042623996734619,16.36750241976264,16.00635773874898,66.1321083900009,57.21773961406351,6.47544875391759e-05,0.10130325704813,0.3348064935511168,1.66025415637705e-10,0.3348064933850914,722
2011-01-12 20:19:13,2221.1033329471143,2,23,0.550297200679779,4.045375823974609,16.37208894784469,16.00635773874898,66.15065611050917,57.21773961406351,9.70840483205393e-05,0.10130325704813,0.3393930216331675,1.66025415637705e-10,0.3393930214671421,722
2011-01-12 20:19:43,2251.1183438496714,2,23,0.5497553944587708,4.047642230987549,16.376675418238715,16.00635773874898,66.16921519545166,57.21773961406351,3.23295607813634e-05,0.10130325704813,0.3439794920271914,1.66025415637705e-10,0.343979491861166,722
2011-01-12 20:20:13,2281.1335792517502,2,23,0.5499359965324402,4.050232410430908,16.381261931921507,16.00635773874898,66.18778626841544,57.21773961406351,3.23295607813634e-05,0.10130325704813,0.3485660057099835,1.66025415637705e-10,0.3485660055439581,722
2011-01-12 20:20:43,2311.148709185972,2,23,0.550297200679779,4.052984714508057,16.385848394227704,16.00635773874898,66.20636894728038,57.21773961406351,6.47544875391759e-05,0.10130325704813,0.3531524680161801,1.66025415637705e-10,0.3531524678501547,722
2011-01-12 20:21:14,2341.1637271461186,2,23,0.5501165986061096,4.055574893951416,16.390434870481844,16.00635773874898,66.22496377169882,57.21773961406351,6.47544875391759e-05,0.10130325704813,0.35773894427032,1.66025415637705e-10,0.3577389441042946,722
2011-01-12 20:21:44,2371.1789003832628,2,23,0.5501165986061096,4.058326721191406,16.39502166697584,16.00635773874898,66.24357206487451,57.21773961406351,9.70840483205393e-05,0.10130325704813,0.3623257407643159,1.66025415637705e-10,0.3623257405982905,722
2011-01-12 20:22:14,2401.1938782935936,2,23,0.5501165986061096,4.060755252838135,16.399609032143218,16.00635773874898,66.26219497472154,57.21773961406351,3.24249267578125e-05,0.10130325704813,0.3669131059316939,1.66025415637705e-10,0.3669131057656685,722
2011-01-12 20:22:44,2431.2091306779976,2,23,0.5501165986061096,4.063507080078125,16.40419619782681,16.00635773874898,66.28082907710828,57.21773961406351,3.23295607813634e-05,0.10130325704813,0.371500271615286,1.66025415637705e-10,0.3715002714492605,722
2011-01-12 20:23:14,2461.224140688331,2,23,0.550297200679779,4.066259384155273,16.40878348020136,16.00635773874898,66.29947621812703,57.21773961406351,9.71794142969884e-05,0.10130325704813,0.3760875539898372,1.66025415637705e-10,0.3760875538238117,722
2011-01-12 20:23:44,2491.2392700010028,2,23,0.5501165986061096,4.069011211395264,16.41337073813657,16.00635773874898,66.31813592820794,57.21773961406351,6.47544875391759e-05,0.10130325704813,0.3806748119250471,1.66025415637705e-10,0.3806748117590217,722
2011-01-12 20:24:14,2521.254401007897,2,23,0.5501165986061096,4.071925163269043,16.41795803472422,16.00635773874898,66.33680854125016,57.21773961406351,6.47544875391759e-05,0.10130325704813,0.3852621085126948,1.66025415637705e-10,0.3852621083466694,722
2011-01-12 20:24:44,2551.2696308862087,2,23,0.550297200679779,4.074839115142822,16.422545243609026,16.00635773874898,66.3554936859199,57.21773961406351,9.70840483205393e-05,0.10130325704813,0.3898493173975019,1.66025415637705e-10,0.3898493172314765,722
2011-01-12 20:25:14,2581.2846260144515,2,23,0.5501165986061096,4.077591419219971,16.42713180512544,16.00635773874898,66.37418912361821,57.21773961406351,0.0001295089750783,0.10130325704813,0.3944358789139173,1.66025415637705e-10,0.3944358787478919,722
2011-01-12 20:25:44,2611.299896388692,2,23,0.5499359965324402,4.080343246459961,16.431718487905272,16.00635773874898,66.3928982182958,57.21773961406351,6.47544875391759e-05,0.10130325704813,0.3990225616937479,1.66025415637705e-10,0.3990225615277225,722
2011-01-12 20:26:14,2641.315933714411,2,23,0.5501165986061096,4.08358097076416,16.436305272965228,16.00635773874898,66.41162093942708,57.21773961406351,0.0001295089750783,0.10130325704813,0.4036093467537043,1.66025415637705e-10,0.4036093465876789,722
2011-01-12 20:26:44,2671.329998925013,2,23,0.5499359965324402,4.08617115020752,16.440891676871626,16.00635773874898,66.43035547713399,57.21773961406351,3.23295607813634e-05,0.10130325704813,0.4081957506601021,1.66025415637705e-10,0.4081957504940767,722
2011-01-12 20:27:14,2701.345178492936,2,23,0.5499359965324402,4.089085102081299,16.44547824680238,16.00635773874898,66.44910410566358,57.21773961406351,3.23295607813634e-05,0.10130325704813,0.4127823205908569,1.66025415637705e-10,0.4127823204248315,722
2011-01-12 20:27:44,2731.3602435655016,2,23,0.550297200679779,4.092161178588867,16.450064868327527,16.00635773874898,66.46786662998872,57.21773961406351,9.71794142969884e-05,0.10130325704813,0.4173689421160027,1.66025415637705e-10,0.4173689419499773,722
2011-01-12 20:28:14,2761.37544689264,2,23,0.5501165986061096,4.095236778259277,16.454651538849717,16.00635773874898,66.4866431831405,57.21773961406351,9.70840483205393e-05,0.10130325704813,0.4219556126381931,1.66025415637705e-10,0.4219556124721677,722
2011-01-12 20:28:44,2791.390472757488,2,23,0.5501165986061096,4.098312854766846,16.459238148676256,16.00635773874898,66.50543337866225,57.21773961406351,9.71794142969884e-05,0.10130325704813,0.4265422224647324,1.66025415637705e-10,0.426542222298707,722
2011-01-12 20:29:14,2821.4055898497027,2,23,0.550297200679779,4.101388454437256,16.463824786802515,16.00635773874898,66.52423768812102,57.21773961406351,9.70840483205393e-05,0.10130325704813,0.4311288605909915,1.66025415637705e-10,0.4311288604249661,722
2011-01-12 20:29:44,2851.420730856519,2,23,0.5501165986061096,4.104464530944824,16.468411456074943,16.00635773874898,66.54305630660762,57.21773961406351,9.71794142969884e-05,0.10130325704813,0.435715529863419,1.66025415637705e-10,0.4357155296973936,722
2011-01-12 20:30:14,2881.4358285353496,2,23,0.5501165986061096,4.107702255249023,16.472998084068145,16.00635773874898,66.5618891125827,57.21773961406351,9.71794142969884e-05,0.10130325704813,0.4403021578566211,1.66025415637705e-10,0.4403021576905956,722
2011-01-12 20:30:44,2911.4509529758784,2,23,0.5501165986061096,4.110616207122803,16.47758475423226,16.00635773874898,66.58073655920528,57.21773961406351,6.47544875391759e-05,0.10130325704813,0.444888828020737,1.66025415637705e-10,0.4448888278547116,722
2011-01-12 20:31:14,2941.4660756018848,2,23,0.5499359965324402,4.114015579223633,16.482171398513998,16.00635773874898,66.59959842062298,57.21773961406351,6.47544875391759e-05,0.10130325704813,0.4494754723024741,1.66025415637705e-10,0.4494754721364487,722
2011-01-12 20:31:44,2971.4834265866466,2,23,0.5501165986061096,4.117414951324463,16.486758405365098,16.00635773874898,66.6184765446942,57.21773961406351,9.70840483205393e-05,0.10130325704813,0.4540624791535741,1.66025415637705e-10,0.4540624789875487,722
2011-01-12 20:32:14,3001.496314277507,2,23,0.5501165986061096,4.120328903198242,16.49134468365094,16.00635773874898,66.63736643701836,57.21773961406351,9.70840483205393e-05,0.10130325704813,0.4586487574394162,1.66025415637705e-10,0.4586487572733908,722
2011-01-12 20:32:44,3031.511430352185,2,23,0.5501165986061096,4.123566627502441,16.495931354690846,16.00635773874898,66.65627284370782,57.21773961406351,3.23295607813634e-05,0.10130325704813,0.4632354284793223,1.66025415637705e-10,0.4632354283132969,722
2011-01-12 20:33:14,3061.526550386733,2,23,0.5499359965324402,4.126804351806641,16.500517948814075,16.00635773874898,66.67519395435251,57.21773961406351,3.23295607813634e-05,0.10130325704813,0.4678220226025509,1.66025415637705e-10,0.4678220224365255,722
2011-01-12 20:33:44,3091.5418903844966,2,23,0.5501165986061096,4.130204200744629,16.505104676572895,16.00635773874898,66.69413079553802,57.21773961406351,6.47544875391759e-05,0.10130325704813,0.472408750361371,1.66025415637705e-10,0.4724087501953455,722
2011-01-12 20:34:14,3121.556795764058,2,23,0.5501165986061096,4.133603572845459,16.509691310155603,16.00635773874898,66.71308252630307,57.21773961406351,9.70840483205393e-05,0.10130325704813,0.4769953839440788,1.66025415637705e-10,0.4769953837780534,722
2011-01-12 20:34:44,3151.5719472068845,2,23,0.5499359965324402,4.137003421783447,16.51427795664879,16.00635773874898,66.7320496845656,57.21773961406351,6.47544875391759e-05,0.10130325704813,0.4815820304372664,1.66025415637705e-10,0.481582030271241,722
2011-01-12 20:35:14,3181.5870514119806,2,23,0.5501165986061096,4.140564918518066,16.518864672426652,16.00635773874898,66.7510327217626,57.21773961406351,0.0001295089750783,0.10130325704813,0.486168746215128,1.66025415637705e-10,0.4861687460491026,722
2011-01-12 20:35:44,3211.6021590556466,2,23,0.5501165986061096,4.143640518188477,16.523451365112997,16.00635773874898,66.77003127546396,57.21773961406351,6.47544875391759e-05,0.10130325704813,0.4907554389014734,1.66025415637705e-10,0.490755438735448,722
2011-01-12 20:36:14,3241.6172678872726,2,23,0.5501165986061096,4.147364139556885,16.52803802629138,16.00635773874898,66.78904582467655,57.21773961406351,6.47544875391759e-05,0.10130325704813,0.4953421000798563,1.66025415637705e-10,0.4953420999138309,722
2011-01-12 20:36:44,3271.632397555831,2,23,0.5501165986061096,4.150925636291504,16.532624672918224,16.00635773874898,66.80807630876119,57.21773961406351,0.0001295089750783,0.10130325704813,0.4999287467067006,1.66025415637705e-10,0.4999287465406752,722
2011-01-12 20:37:14,3301.647511394938,2,23,0.5501165986061096,4.154325008392334,16.53721132906776,16.00635773874898,66.82712281809245,57.21773961406351,9.70840483205393e-05,0.10130325704813,0.5045154028562351,1.66025415637705e-10,0.5045154026902097,722
2011-01-12 20:37:44,3331.6627612279835,2,23,0.5501165986061096,4.158048629760742,16.54179790383362,16.00635773874898,66.84618510490682,57.21773961406351,0.0001295089750783,0.10130325704813,0.5091019776220946,1.66025415637705e-10,0.5091019774560692,722
2011-01-12 20:38:14,3361.6777479753387,2,23,0.5501165986061096,4.161448001861572,16.546384469375603,16.00635773874898,66.86526376333259,57.21773961406351,0.0001295089750783,0.10130325704813,0.5136885431640792,1.66025415637705e-10,0.5136885429980538,722
2011-01-12 20:38:44,3391.69289582922,2,23,0.5499359965324402,4.1651716232299805,16.550971129546348,16.00635773874898,66.88435935874642,57.21773961406351,0.0001295089750783,0.10130325704813,0.5182752033348237,1.66025415637705e-10,0.5182752031687983,722
2011-01-12 20:39:14,3421.7080426856164,2,23,0.5501165986061096,4.1687331199646,16.555557714456803,16.00635773874898,66.90347134539397,57.21773961406351,9.71794142969884e-05,0.10130325704813,0.5228617882452795,1.66025415637705e-10,0.5228617880792541,722
2011-01-12 20:39:44,3451.723422547734,2,23,0.5499359965324402,4.17245626449585,16.56014432309118,16.00635773874898,66.9226001679552,57.21773961406351,9.70840483205393e-05,0.10130325704813,0.527448396879656,1.66025415637705e-10,0.5274483967136305,722
2011-01-12 20:40:14,3481.7382290258024,2,23,0.5501165986061096,4.176017761230469,16.564730892183174,16.00635773874898,66.94174575852307,57.21773961406351,6.47544875391759e-05,0.10130325704813,0.5320349659716506,1.66025415637705e-10,0.5320349658056251,722
2011-01-12 20:40:44,3511.7533474262777,2,23,0.550297200679779,4.179903030395508,16.56931747345067,16.00635773874898,66.96090835670942,57.21773961406351,9.70840483205393e-05,0.10130325704813,0.5366215472391467,1.66025415637705e-10,0.5366215470731213,722
2011-01-12 20:41:14,3541.7684928240383,2,23,0.5501165986061096,4.183626651763916,16.573904111476544,16.00635773874898,66.98008833493337,57.21773961406351,9.71794142969884e-05,0.10130325704813,0.5412081852650203,1.66025415637705e-10,0.5412081850989949,722
2011-01-12 20:41:44,3571.783735754881,2,23,0.5499359965324402,4.187188148498535,16.578490802245522,16.00635773874898,66.99928579182176,57.21773961406351,6.47544875391759e-05,0.10130325704813,0.5457948760339981,1.66025415637705e-10,0.5457948758679727,722
2011-01-12 20:42:14,3601.7987283668526,2,23,0.5501165986061096,4.191235065460205,16.583077457749702,16.00635773874898,67.01850054707509,57.21773961406351,9.70840483205393e-05,0.10130325704813,0.5503815315381786,1.66025415637705e-10,0.5503815313721532,722
2011-01-12 20:42:44,3631.8138343012574,2,23,0.550297200679779,4.195120334625244,16.587664123504496,16.00635773874898,67.03773291889443,57.21773961406351,0.0001295089750783,0.10130325704813,0.5549681972929719,1.66025415637705e-10,0.5549681971269464,722
2011-01-12 20:43:14,3661.828965814416,2,23,0.5501165986061096,4.198681831359863,16.592250737129792,16.00635773874898,67.05698263363922,57.21773961406351,6.47544875391759e-05,0.10130325704813,0.559554810918268,1.66025415637705e-10,0.5595548107522426,722
2011-01-12 20:43:22,3669.922558783429,2,23,0.550297200679779,4.200138568878174,16.59348750663096,16.00635773874898,67.06217632889765,57.21773961406351,0.0001618385285837,0.10130325704813,0.560791580419437,1.66025415637705e-10,0.5607915802534116,722
2011-01-12 20:43:52,30.015471039359635,3,23,0.0,4.099769592285156,16.59348750663096,16.00635773874898,67.06217632889765,57.21773961406351,-0.0004857063177041,0.10130325704813,0.560791580419437,1.66025415637705e-10,0.5607915802534116,722
2011-01-12 20:44:22,60.03026045490299,3,23,0.0,4.086818695068359,16.59348750663096,16.00635773874898,67.06217632889765,57.21773961406351,-0.0002914428769145,0.10130325704813,0.560791580419437,1.66025415637705e-10,0.5607915802534116,722
2011-01-12 20:44:52,90.03196609164378,3,23,0.0,4.079048156738281,16.59348750663096,16.00635773874898,67.06217632889765,57.21773961406351,-0.0001619339018361,0.10130325704813,0.560791580419437,1.66025415637705e-10,0.5607915802534116,722
2011-01-12 20:45:22,120.01387873315032,3,23,0.0,4.073706150054932,16.59348750663096,16.00635773874898,67.06217632889765,57.21773961406351,-9.70840483205393e-05,0.10130325704813,0.560791580419437,1.66025415637705e-10,0.5607915802534116,722
2011-01-12 20:45:23,0.01564635553225,4,23,1.0227711200714111,4.199814796447754,16.593491992633567,16.00635773874898,67.06219516927779,57.21773961406351,0.0,0.10130325704813,0.5607960664220428,1.66025415637705e-10,0.5607960662560174,722
2011-01-12 20:45:23,0.812509994910392,4,23,0.9722005128860474,4.199653148651123,16.593711384804635,16.00635773874898,67.0631165698997,57.21773961406351,-3.23295607813634e-05,0.10130325704813,0.5610154585931113,1.66025415637705e-10,0.5610154584270859,722
2011-01-12 20:45:25,2.70308161109226,4,23,0.922171711921692,4.199814796447754,16.59420770951104,16.00635773874898,67.0652010465045,57.21773961406351,0.0,0.10130325704813,0.5615117832995153,1.66025415637705e-10,0.5615117831334899,722
2011-01-12 20:45:28,5.546874773666677,4,23,0.8719623684883118,4.199653148651123,16.59491518442191,16.00635773874898,67.06817231487355,57.21773961406351,-3.23295607813634e-05,0.10130325704813,0.5622192582103871,1.66025415637705e-10,0.5622192580443617,722
2011-01-12 20:45:32,9.4531697677288,4,23,0.8215723633766174,4.199653148651123,16.59583292757049,16.00635773874898,67.07202666981307,57.21773961406351,-3.23295607813634e-05,0.10130325704813,0.5631370013589674,1.66025415637705e-10,0.563137001192942,722
2011-01-12 20:45:37,14.609132929377834,4,23,0.771543562412262,4.199976921081543,16.59697246996808,16.00635773874898,67.07681254386605,57.21773961406351,3.24249267578125e-05,0.10130325704813,0.5642765437565558,1.66025415637705e-10,0.5642765435905304,722
2011-01-12 20:45:44,21.26750877070545,4,23,0.7215148210525513,4.199814796447754,16.5983511626602,16.00635773874898,67.08260281895491,57.21773961406351,0.0,0.10130325704813,0.5656552364486771,1.66025415637705e-10,0.5656552362826517,722
2011-01-12 20:45:53,30.030742721089485,4,23,0.6711248159408569,4.199653148651123,16.600043423549703,16.00635773874898,67.08971004455785,57.21773961406351,-6.47544875391759e-05,0.10130325704813,0.5673474973381794,1.66025415637705e-10,0.5673474971721539,722
2011-01-12 20:46:05,42.09305697469077,4,23,0.6209154725074768,4.199653148651123,16.602203904449265,16.00635773874898,67.09878372782684,57.21773961406351,-3.23295607813634e-05,0.10130325704813,0.5695079782377412,1.66025415637705e-10,0.5695079780717158,722
2011-01-12 20:46:23,59.983396615796295,4,23,0.5708866715431213,4.199814796447754,16.605156912286887,16.00635773874898,67.11118586783613,57.21773961406351,-3.24249267578125e-05,0.10130325704813,0.5724609860753631,1.66025415637705e-10,0.5724609859093377,722
2011-01-12 20:46:53,90.5768184012462,4,23,0.5208579301834106,4.199653148651123,16.609775523215426,16.00635773874898,67.13058329590751,57.21773961406351,-3.23295607813634e-05,0.10130325704813,0.5770795970039018,1.66025415637705e-10,0.5770795968378764,722
2011-01-12 20:47:52,149.70062002182362,4,23,0.4708291292190552,4.199814796447754,16.61787551423238,16.00635773874898,67.16460154207186,57.21773961406351,3.23295607813634e-05,0.10130325704813,0.585179588020857,1.66025415637705e-10,0.5851795878548316,722
2011-01-12 20:49:34,251.8551391506524,4,23,0.4208003580570221,4.199653148651123,16.630490863974824,16.00635773874898,67.21758345385916,57.21773961406351,-3.23295607813634e-05,0.10130325704813,0.5977949377633003,1.66025415637705e-10,0.5977949375972749,722
2011-01-12 20:51:46,383.8841503057621,4,23,0.3707716166973114,4.199814796447754,16.64498708615963,16.00635773874898,67.27846531497168,57.21773961406351,-3.24249267578125e-05,0.10130325704813,0.6122911599481071,1.66025415637705e-10,0.6122911597820817,722
2011-01-12 20:54:26,543.1314732787871,4,23,0.3207428455352783,4.199814796447754,16.660260310121455,16.00635773874898,67.34261050045187,57.21773961406351,0.0,0.10130325704813,0.627564383909931,1.66025415637705e-10,0.6275643837439056,722
2011-01-12 20:57:38,735.3469827315771,4,23,0.2707140743732452,4.199814796447754,16.676025939580988,16.00635773874898,67.40882367865092,57.21773961406351,0.0,0.10130325704813,0.6433300133694644,1.66025415637705e-10,0.643330013203439,722
2011-01-12 21:01:34,971.0305108316112,4,23,0.2206852883100509,4.199814796447754,16.692066805174566,16.00635773874898,67.47619271461684,57.21773961406351,0.0,0.10130325704813,0.6593708789630419,1.66025415637705e-10,0.6593708787970165,722
2011-01-12 21:06:37,1274.8379224706189,4,23,0.1706565171480178,4.199814796447754,16.70850559500972,16.00635773874898,67.54523296634765,57.21773961406351,0.0,0.10130325704813,0.6758096687981947,1.66025415637705e-10,0.6758096686321693,722
2011-01-12 21:13:43,1700.377638272695,4,23,0.1206277534365654,4.199814796447754,16.725571383873465,16.00635773874898,67.61690647174471,57.21773961406351,0.0,0.10130325704813,0.6928754576619411,1.66025415637705e-10,0.6928754574959157,722
2011-01-12 21:26:02,2439.1308471879915,4,23,0.0705989822745323,4.199814796447754,16.744697912686387,16.00635773874898,67.69723475203753,57.21773961406351,0.0,0.10130325704813,0.7120019864748635,1.66025415637705e-10,0.712001986308838,722
2011-01-12 21:35:02,2979.6062326787533,4,23,0.0498289167881011,4.199653148651123,16.753690603222122,16.00635773874898,67.73500254275743,57.21773961406351,-6.47544875391759e-05,0.10130325704813,0.7209946770105979,1.66025415637705e-10,0.7209946768445725,722
2011-01-12 21:35:32,30.014936035966564,5,23,0.0,4.190425872802734,16.753690603222122,16.00635773874898,67.73500254275743,57.21773961406351,-6.47544875391759e-05,0.10130325704813,0.7209946770105979,1.66025415637705e-10,0.7209946768445725,722
2011-01-12 21:36:02,60.014209120037634,5,23,0.0,4.188807010650635,16.753690603222122,16.00635773874898,67.73500254275743,57.21773961406351,-6.47544875391759e-05,0.10130325704813,0.7209946770105979,1.66025415637705e-10,0.7209946768445725,722
2011-01-12 21:36:03,0.187513852216293,6,23,-0.0005610709195025,4.189939975738525,16.753690603222122,16.006357767973586,67.73500254275743,57.21773973651285,0.0,0.1052602156996727,0.7209946770105979,2.939063037388223e-08,0.7209946476199676,722
2011-01-12 21:36:07,5.015625847882415,6,23,0.0007031940040178,4.188968658447266,16.753691502816856,16.006357767973586,67.73500631114997,57.21773973651285,-3.24249267578125e-05,0.1052602156996727,0.7209955766053326,2.939063037388223e-08,0.7209955472147023,722
2011-01-12 21:36:31,23.530851682655232,7,23,-1.099568486213684,3.988878011703491,16.753691502866616,16.013545254108177,67.73500631135842,57.246580923667295,-0.0013921738136559,0.1052602156996727,0.720995576655092,0.0071875155252207,0.7138080611298712,722
2011-01-12 21:37:01,53.545965722261634,7,23,-1.099568486213684,3.945978164672852,16.753691502866616,16.02271320126573,67.73500631135842,57.28294389941019,-0.0009713172912597,0.1052602156996727,0.720995576655092,0.0163554626827746,0.7046401139723173,722
2011-01-12 21:37:31,83.56108601244641,7,23,-1.099568486213684,3.9139246940612793,16.753691502866616,16.031881144371717,67.73500631135842,57.31896581441253,-0.0007122993702068,0.1052602156996727,0.720995576655092,0.0255234057887605,0.6954721708663314,722
2011-01-12 21:38:01,113.57637149433974,7,23,-1.099568486213684,3.888994455337525,16.753691502866616,16.041049117511346,67.73500631135842,57.3547290243781,-0.0006151676061563,0.1052602156996727,0.720995576655092,0.0346913789283895,0.6863041977267024,722
2011-01-12 21:38:31,143.59132872312534,7,23,-1.0997490882873535,3.8687586784362793,16.753691502866616,16.05021700049856,67.73500631135842,57.39028698214072,-0.0004856586456298,0.1052602156996727,0.720995576655092,0.0438592619156033,0.6771363147394887,722
2011-01-12 21:39:01,173.60644094820938,7,23,-1.0997490882873535,3.851598739624024,16.753691502866616,16.059384967152173,67.73500631135842,57.42567473936864,-0.0003885269106831,0.1052602156996727,0.720995576655092,0.053027228569217,0.6679683480858749,722
2011-01-12 21:39:31,203.62157040624325,7,23,-1.0993878841400146,3.836057662963867,16.753691502866616,16.06855295835754,67.73500631135842,57.46091326916055,-0.0003885269106831,0.1052602156996727,0.720995576655092,0.0621952197745834,0.6588003568805085,722
2011-01-12 21:40:01,233.6367354780376,7,23,-1.099568486213684,3.8218119144439697,16.753691502866616,16.07772093907937,67.73500631135842,57.4960153292168,-0.0003561496851034,0.1052602156996727,0.720995576655092,0.0713632004964139,0.649632376158678,722
2011-01-12 21:40:31,263.6518093324902,7,23,-1.0993878841400146,3.808375358581543,16.753691502866616,16.086888829794407,67.73500631135842,57.53099090009694,-0.0003561496851034,0.1052602156996727,0.720995576655092,0.0805310912114514,0.6404644854436405,722
2011-01-12 21:41:01,293.6669276978778,7,23,-1.099568486213684,3.795748233795166,16.753691502866616,16.096056780965554,67.73500631135842,57.56584742621688,-0.0003237724304199,0.1052602156996727,0.720995576655092,0.0896990423825982,0.6312965342724937,722
2011-01-12 21:41:31,323.6820783286807,7,23,-1.099568486213684,3.783768653869629,16.753691502866616,16.10522472479676,67.73500631135842,57.600591551683095,-0.0003237724304199,0.1052602156996727,0.720995576655092,0.0988669862138031,0.6221285904412888,722
2011-01-12 21:42:01,353.6971768445973,7,23,-1.099568486213684,3.7722747325897217,16.753691502866616,16.114392747815106,67.73500631135842,57.635228409565,-0.0002913951757363,0.1052602156996727,0.720995576655092,0.1080350092321502,0.6129605674229417,722
2011-01-12 21:42:31,383.7122915508653,7,23,-1.0997490882873535,3.761266469955444,16.753691502866616,16.12356074621088,67.73500631135842,57.669762493344514,-0.0002913951757363,0.1052602156996727,0.720995576655092,0.1172030076279249,0.603792569027167,722
2011-01-12 21:43:01,413.7274062370832,7,23,-1.099568486213684,3.750744104385376,16.753691502866616,16.132728416799235,67.73500631135842,57.70419668345136,-0.0002913951757363,0.1052602156996727,0.720995576655092,0.1263706782162792,0.5946248984388127,722
2011-01-12 21:43:31,443.7425233443351,7,23,-1.0993878841400146,3.740545272827149,16.753691502866616,16.141895676820962,67.73500631135842,57.7385346443844,-0.0002590179501567,0.1052602156996727,0.720995576655092,0.1355379382380057,0.5854576384170862,722
2011-01-12 21:44:01,473.7577900945433,7,23,-1.099568486213684,3.730508327484131,16.753691502866616,16.15106309737758,67.73500631135842,57.77278098378228,-0.0003237724304199,0.1052602156996727,0.720995576655092,0.1447053587946243,0.5762902178604676,722
2011-01-12 21:44:31,503.77277004495824,7,23,-1.0993878841400146,3.721280813217163,16.753691502866616,16.160230340409875,67.73500631135842,57.80693886294026,-0.0002590179501567,0.1052602156996727,0.720995576655092,0.1538726018269187,0.5671229748281732,722
2011-01-12 21:45:01,533.7879191319133,7,23,-1.0997490882873535,3.7120532989501953,16.753691502866616,16.16939803303416,67.73500631135842,57.84101241914457,-0.0002590179501567,0.1052602156996727,0.720995576655092,0.1630402944512035,0.5579552822038885,722
2011-01-12 21:45:31,563.803006710571,7,23,-1.099568486213684,3.703149557113648,16.753691502866616,16.178566034233796,67.73500631135842,57.8750032853706,-0.0002266406954731,0.1052602156996727,0.720995576655092,0.1722082956508401,0.5487872810042518,722
2011-01-12 21:46:01,593.8183489388939,7,23,-1.0997490882873535,3.6940839290618896,16.753691502866616,16.187734170789575,67.73500631135842,57.9089130356864,-0.0002590179501567,0.1052602156996727,0.720995576655092,0.1813764322066191,0.5396191444484728,722
2011-01-12 21:46:31,623.8338437525061,7,23,-1.0997490882873535,3.685665845870972,16.753691502866616,16.19690226937105,67.73500631135842,57.94274333899848,-0.0001942634553415,0.1052602156996727,0.720995576655092,0.1905445307880953,0.5304510458669967,722
2011-01-12 21:47:01,653.8483896260681,7,23,-1.0997490882873535,3.6772477626800537,16.753691502866616,16.20607009582232,67.73500631135842,57.9764956544079,-0.0002590179501567,0.1052602156996727,0.720995576655092,0.1997123572393633,0.5212832194157286,722
2011-01-12 21:47:31,683.8636267023196,7,23,-1.099568486213684,3.6693155765533447,16.753691502866616,16.21523811189274,67.73500631135842,58.01017242858065,-0.0001942634553415,0.1052602156996727,0.720995576655092,0.2088803733097854,0.5121152033453065,722
2011-01-12 21:48:01,713.8786270786421,7,23,-1.099568486213684,3.661221265792847,16.753691502866616,16.224406152138755,67.73500631135842,58.04377489160156,-0.0002266406954731,0.1052602156996727,0.720995576655092,0.2180484135557989,0.502947163099293,722
2011-01-12 21:48:31,743.8937618048059,7,23,-1.0997490882873535,3.653288841247559,16.753691502866616,16.23357417696929,67.73500631135842,58.0773044905436,-0.0001942634553415,0.1052602156996727,0.720995576655092,0.2272164383863355,0.4937791382687564,722
2011-01-12 21:49:01,773.9088564961905,7,23,-1.0993878841400146,3.645518302917481,16.753691502866616,16.242742125277665,67.73500631135842,58.11076222420724,-0.0001942634553415,0.1052602156996727,0.720995576655092,0.2363843866947093,0.4846111899603826,722
2011-01-12 21:49:32,803.923967819026,7,23,-1.099568486213684,3.6380715370178223,16.753691502866616,16.251910087853297,67.73500631135842,58.14414981266949,-0.0001618862152099,0.1052602156996727,0.720995576655092,0.2455523492703406,0.4754432273847513,722
2011-01-12 21:50:02,833.939233235911,7,23,-1.099568486213684,3.630624771118164,16.753691502866616,16.261078115677098,67.73500631135842,58.17746914685117,-0.0001942634553415,0.1052602156996727,0.720995576655092,0.2547203770941415,0.4662751995609504,722
2011-01-12 21:50:32,863.9542098780807,7,23,-1.099568486213684,3.623178005218506,16.753691502866616,16.27024604816055,67.73500631135842,58.21072051541701,-0.0002590179501567,0.1052602156996727,0.720995576655092,0.2638883095775952,0.4571072670774967,722
2011-01-12 21:51:02,893.9693326895493,7,23,-1.0997490882873535,3.616055011749268,16.753691502866616,16.279414113687576,67.73500631135842,58.24390613669548,-0.0001942634553415,0.1052602156996727,0.720995576655092,0.2730563751046198,0.4479392015504722,722
2011-01-12 21:51:32,923.9845841366174,7,23,-1.099568486213684,3.609255790710449,16.753691502866616,16.288582123490443,67.73500631135842,58.27702655578547,-0.0001618862152099,0.1052602156996727,0.720995576655092,0.2822243849074866,0.4387711917476053,722
2011-01-12 21:52:02,953.999630061461,7,23,-1.099568486213684,3.602294683456421,16.753691502866616,16.29775010163027,67.73500631135842,58.31008375572705,-0.0001942634553415,0.1052602156996727,0.720995576655092,0.291392363047315,0.429603213607777,722
2011-01-12 21:52:32,984.0146849837288,7,23,-1.0997490882873535,3.5956573486328125,16.753691502866616,16.30691812286021,67.73500631135842,58.34307968088648,-0.0001618862152099,0.1052602156996727,0.720995576655092,0.3005603842772544,0.4204351923778375,722
2011-01-12 21:53:02,1014.029808697446,7,23,-1.099568486213684,3.589182138442993,16.753691502866616,16.316086129058714,67.73500631135842,58.37601552007684,-0.0001942634553415,0.1052602156996727,0.720995576655092,0.3097283904757582,0.4112671861793338,722
2011-01-12 21:53:32,1044.045308879438,7,23,-1.0997490882873535,3.5828685760498047,16.753691502866616,16.32525431965337,67.73500631135842,58.40889341711255,-0.0001942634553415,0.1052602156996727,0.720995576655092,0.3188965810704154,0.4020989955846765,722
2011-01-12 21:54:02,1074.060169773127,7,23,-1.0997490882873535,3.576716899871826,16.753691502866616,16.334423021552855,67.73500631135842,58.4417159888154,-0.0001942634553415,0.1052602156996727,0.720995576655092,0.3280652829698987,0.3929302936851933,722
2011-01-12 21:54:32,1104.0744407415405,7,23,-1.099929690361023,3.5707271099090576,16.753691502866616,16.34354877326238,67.73500631135842,58.47432923023082,-0.0001942634553415,0.1052602156996727,0.720995576655092,0.3371910346794244,0.3838045419756675,722
2011-01-12 21:55:02,1134.0748328996883,7,23,-1.099929690361023,3.565061092376709,16.753691502866616,16.35275504859534,67.73500631135842,58.507176765431744,-0.0001295089750783,0.1052602156996727,0.720995576655092,0.3463973100123851,0.3745982666427068,722
2011-01-12 21:55:32,1164.0897905795985,7,23,-1.099568486213684,3.5595569610595703,16.753691502866616,16.361923058657982,67.73500631135842,58.53983603124541,-0.0001295089750783,0.1052602156996727,0.720995576655092,0.3555653200750264,0.3654302565800655,722
2011-01-12 21:56:02,1194.1050531945,7,23,-1.099568486213684,3.554052829742432,16.753691502866616,16.3710911481144,67.73500631135842,58.57244558289998,-0.0001618862152099,0.1052602156996727,0.720995576655092,0.3647334095314427,0.3562621671236492,722
2011-01-12 21:56:32,1224.1200689591751,7,23,-1.099568486213684,3.548872470855713,16.753691502866616,16.380259203376077,67.73500631135842,58.60500592122997,-0.0001618862152099,0.1052602156996727,0.720995576655092,0.3739014647931213,0.3470941118619706,722
2011-01-12 21:57:02,1254.1352203167896,7,23,-1.099568486213684,3.543692111968994,16.753691502866616,16.389427352441796,67.73500631135842,58.637518306212336,-0.0001295089750783,0.1052602156996727,0.720995576655092,0.3830696138588401,0.3379259627962518,722
2011-01-12 21:57:32,1284.1502735799222,7,23,-1.0997490882873535,3.538835525512696,16.753691502866616,16.398595349792906,67.73500631135842,58.669983530366,-9.713172767078504e-05,0.1052602156996727,0.720995576655092,0.3922376112099499,0.328757965445142,722
2011-01-12 21:58:02,1314.1654255440485,7,23,-1.099568486213684,3.5334932804107666,16.753691502866616,16.407763481446953,67.73500631135842,58.70240281116877,-0.0001618862152099,0.1052602156996727,0.720995576655092,0.4014057428639965,0.3195898337910954,722
2011-01-12 21:58:32,1344.1805274584349,7,23,-1.0997490882873535,3.528636693954468,16.753691502866616,16.416931614409464,67.73500631135842,58.7347766522733,-0.0001295089750783,0.1052602156996727,0.720995576655092,0.4105738758265076,0.3104217008285843,722
2011-01-12 21:59:02,1374.1956234079553,7,23,-1.099568486213684,3.523941993713379,16.753691502866616,16.426099743624903,67.73500631135842,58.76710615686594,-9.713172767078504e-05,0.1052602156996727,0.720995576655092,0.4197420050419467,0.3012535716131452,722
2011-01-12 21:59:32,1404.210891782211,7,23,-1.099568486213684,3.51924729347229,16.753691502866616,16.435267885883494,67.73500631135842,58.799392632633065,-0.0001295089750783,0.1052602156996727,0.720995576655092,0.4289101473005381,0.2920854293545538,722
2011-01-12 22:00:02,1434.225875010796,7,23,-1.099568486213684,3.514552593231201,16.753691502866616,16.444435945397835,67.73500631135842,58.83163653685343,-0.0001618862152099,0.1052602156996727,0.720995576655092,0.4380782068148789,0.282917369840213,722
2011-01-12 22:00:32,1464.2431103623646,7,23,-1.099568486213684,3.510181903839112,16.753691502866616,16.45360463684956,67.73500631135842,58.863840410367175,-0.0001295089750783,0.1052602156996727,0.720995576655092,0.4472468982666022,0.2737486783884897,722
2011-01-12 22:01:02,1494.2560977667415,7,23,-1.099568486213684,3.5054872035980225,16.753691502866616,16.462772098956936,67.73500631135842,58.89599800686315,-0.0001618862152099,0.1052602156996727,0.720995576655092,0.4564143603739801,0.2645812162811118,722
2011-01-12 22:01:32,1524.271330737762,7,23,-1.099568486213684,3.501116275787353,16.753691502866616,16.471940220070675,67.73500631135842,58.92811592359641,-9.713172767078504e-05,0.1052602156996727,0.720995576655092,0.4655824814877185,0.2554130951673734,722
2011-01-12 22:02:02,1554.2863705523766,7,23,-1.099568486213684,3.4960978031158447,16.753691502866616,16.48110829087688,67.73500631135842,58.96019185427782,-0.0001618862152099,0.1052602156996727,0.720995576655092,0.4747505522939228,0.2462450243611691,722
2011-01-12 22:02:32,1584.3017185400536,7,23,-1.0993878841400146,3.4918887615203857,16.753691502866616,16.490276515709844,67.73500631135842,58.992225849332286,-9.713172767078504e-05,0.1052602156996727,0.720995576655092,0.4839187771268882,0.2370767995282037,722
2011-01-12 22:03:02,1614.316745948749,7,23,-1.099568486213684,3.487032175064087,16.753691502866616,16.499444592399335,67.73500631135842,59.02421687067599,-0.0001295089750783,0.1052602156996727,0.720995576655092,0.4930868538163793,0.2279087228387126,722
2011-01-12 22:03:32,1644.331730345245,7,23,-1.0997490882873535,3.482337474822998,16.753691502866616,16.508612659031265,67.73500631135842,59.056164334047054,-0.0001295089750783,0.1052602156996727,0.720995576655092,0.5022549204483084,0.2187406562067835,722
2011-01-12 22:04:02,1674.346855527623,7,23,-1.0997490882873535,3.4773190021514893,16.753691502866616,16.517780666428816,67.73500631135842,59.08806703764216,-0.0001295089750783,0.1052602156996727,0.720995576655092,0.5114229278458602,0.2095726488092317,722
2011-01-12 22:04:32,1704.3619981584873,7,23,-1.099568486213684,3.4721386432647705,16.753691502866616,16.526948753102964,67.73500631135842,59.11992443701156,-0.0001295089750783,0.1052602156996727,0.720995576655092,0.5205910145200079,0.200404562135084,722
2011-01-12 22:05:02,1734.3771190551836,7,23,-1.099568486213684,3.4671201705932617,16.753691502866616,16.536116821647987,67.73500631135842,59.15173461795846,-9.713172767078504e-05,0.1052602156996727,0.720995576655092,0.5297590830650307,0.1912364935900612,722
2011-01-12 22:05:32,1764.3922064032663,7,23,-1.0997490882873535,3.461454153060913,16.753691502866616,16.545284876058716,67.73500631135842,59.18349550099326,-0.0001618862152099,0.1052602156996727,0.720995576655092,0.5389271374757598,0.1820684391793321,722
2011-01-12 22:06:02,1794.4073390442334,7,23,-1.0997490882873535,3.4556262493133545,16.753691502866616,16.55445305396091,67.73500631135842,59.21520513653379,-0.0001618862152099,0.1052602156996727,0.720995576655092,0.5480953153779531,0.1729002612771388,722
2011-01-12 22:06:32,1824.422633593726,7,23,-1.0997490882873535,3.449636459350586,16.753691502866616,16.56362121557476,67.73500631135842,59.246860789220285,-0.0001618862152099,0.1052602156996727,0.720995576655092,0.5572634769918032,0.1637320996632887,722
2011-01-12 22:07:02,1854.4375825168115,7,23,-1.0997490882873535,3.4434847831726074,16.753691502866616,16.572789297019984,67.73500631135842,59.27846005926427,-0.0001618862152099,0.1052602156996727,0.720995576655092,0.5664315584370279,0.1545640182180641,722
2011-01-12 22:07:32,1884.4527041152564,7,23,-1.0997490882873535,3.436523675918579,16.753691502866616,16.581957421659112,67.73500631135842,59.30999926515012,-0.0002266406954731,0.1052602156996727,0.720995576655092,0.575599683076156,0.1453958935789359,722
2011-01-12 22:08:02,1914.467817392964,7,23,-1.0993878841400146,3.42956280708313,16.753691502866616,16.591125535468134,67.73500631135842,59.34147422538574,-0.0001618862152099,0.1052602156996727,0.720995576655092,0.5847677968851777,0.1362277797699143,722
2011-01-12 22:08:32,1944.4832507784784,7,23,-1.099568486213684,3.421306610107422,16.753691502866616,16.60029373880233,67.73500631135842,59.372879522377,-0.0002590179501567,0.1052602156996727,0.720995576655092,0.5939360002193723,0.1270595764357196,722
2011-01-12 22:09:02,1974.4980538179773,7,23,-1.0993878841400146,3.412564754486084,16.753691502866616,16.609461752895466,67.73500631135842,59.404205966718514,-0.0002590179501567,0.1052602156996727,0.720995576655092,0.6031040143125104,0.1178915623425815,722
2011-01-12 22:09:32,2004.51316855432,7,23,-1.0997490882873535,3.4022040367126465,16.753691502866616,16.618629883226987,67.73500631135842,59.4354450589919,-0.0002590179501567,0.1052602156996727,0.720995576655092,0.6122721446440309,0.108723432011061,722
2011-01-12 22:10:02,2034.5283033155715,7,23,-1.099568486213684,3.3900625705718994,16.753691502866616,16.627798022190394,67.73500631135842,59.46658326034652,-0.0003561496851034,0.1052602156996727,0.720995576655092,0.6214402836074377,0.0995552930476542,722
2011-01-12 22:10:32,2064.543568441732,7,23,-1.0997490882873535,3.3761403560638428,16.753691502866616,16.636966263975847,67.73500631135842,59.49760290882136,-0.0004209041653666,0.1052602156996727,0.720995576655092,0.6306085253928906,0.0903870512622013,722
2011-01-12 22:11:02,2094.558537043863,7,23,-1.099568486213684,3.359142303466797,16.753691502866616,16.646134410769577,67.73500631135842,59.528480054708,-0.0004856586456298,0.1052602156996727,0.720995576655092,0.6397766721866205,0.0812189044684714,722
2011-01-12 22:11:32,2124.573632366822,7,23,-1.099568486213684,3.338259220123291,16.753691502866616,16.655302452290822,67.73500631135842,59.55918446373505,-0.0006151676061563,0.1052602156996727,0.720995576655092,0.6489447137078663,0.0720508629472256,722
2011-01-12 22:12:02,2154.588907467843,7,23,-1.0993878841400146,3.312195539474488,16.753691502866616,16.664470562209704,67.73500631135842,59.58967459841032,-0.0007446765666827,0.1052602156996727,0.720995576655092,0.6581128236267482,0.0628827530283437,722
2011-01-12 22:12:32,2184.6039425105646,7,23,-1.099568486213684,3.2786850929260254,16.753691502866616,16.673638587619163,67.73500631135842,59.61989325024491,-0.0009713172912597,0.1052602156996727,0.720995576655092,0.6672808490362065,0.0537147276188854,722
2011-01-12 22:13:02,2214.619163110753,7,23,-1.099568486213684,3.235137939453125,16.753691502866616,16.682806717996876,67.73500631135842,59.6497620212539,-0.0012950897216796,0.1052602156996727,0.720995576655092,0.6764489794139195,0.0445465972411724,722
2011-01-12 22:13:32,2244.634151447068,7,23,-1.099568486213684,3.177506685256958,16.753691502866616,16.691974821228865,67.73500631135842,59.67917091955238,-0.0017159938579425,0.1052602156996727,0.720995576655092,0.6856170826459085,0.0353784940091834,722
2011-01-12 22:14:02,2274.6494260167647,7,23,-1.099568486213684,3.098344564437866,16.753691502866616,16.70114302744839,67.73500631135842,59.70795984216318,-0.0024282454978674,0.1052602156996727,0.720995576655092,0.6947852888654324,0.0262102877896595,722
2011-01-12 22:14:32,2304.664434317838,7,23,-1.099568486213684,2.983405590057373,16.753691502866616,16.71031114149562,67.73500631135842,59.7358749410433,-0.0036262511275708,0.1052602156996727,0.720995576655092,0.7039534029126635,0.0170421737424284,722
2011-01-12 22:15:02,2334.6795271696383,7,23,-1.099568486213684,2.8118066787719727,16.753691502866616,16.719479258249017,67.73500631135842,59.76248932064619,-0.0052774907089769,0.1052602156996727,0.720995576655092,0.7131215196660605,0.0078740569890314,722
2011-01-12 22:15:18,2350.491763167047,7,23,-1.099568486213684,2.699943780899048,16.753691502866616,16.724309095022736,67.73500631135842,59.77580390214145,-0.0058278562501072,0.1052602156996727,0.720995576655092,0.7179513564397801,0.0030442202153118,722
2011-01-12 22:16:18,60.014749130910886,8,23,0.0,3.564413547515869,16.753691502866616,16.724309095022736,67.73500631135842,59.77580390214145,0.0012627125252038,0.1052602156996727,0.720995576655092,0.7179513564397801,0.0030442202153118,722
2011-01-12 22:16:19,0.187502122983436,9,23,-1.9243103452026844e-05,3.564575433731079,16.753691502866616,16.724309096024992,67.73500631135842,59.77580390571406,0.0,0.10130325704813,0.0,1.0022560559264091e-09,-1.0022560559264091e-09,722
2011-01-12 22:16:23,5.015587878250408,9,23,0.0001613661734154,3.572507858276367,16.753692283286327,16.724309096192087,67.73500909677227,59.77580390630969,0.0011332035064697,0.10130325704813,7.804197110772293e-07,1.6709478245502396e-10,7.802526162947743e-07,722
